lambda	class
2.400000000e+00	100
2.400100000e+00	100
2.400200000e+00	100
2.400300000e+00	100
2.400400000e+00	100
2.400500000e+00	100
2.400600000e+00	100
2.400700000e+00	100
2.400800000e+00	100
2.400900000e+00	100
2.401000000e+00	100
2.401100000e+00	100
2.401200000e+00	100
2.401300000e+00	100
2.401400000e+00	100
2.401500000e+00	100
2.401600000e+00	100
2.401700000e+00	100
2.401800000e+00	100
2.401900000e+00	100
2.402000000e+00	100
2.402100000e+00	100
2.402200000e+00	100
2.402300000e+00	100
2.402400000e+00	100
2.402500000e+00	100
2.402600000e+00	100
2.402700000e+00	100
2.402800000e+00	100
2.402900000e+00	100
2.403000000e+00	100
2.403100000e+00	100
2.403200000e+00	100
2.403300000e+00	100
2.403400000e+00	100
2.403500000e+00	100
2.403600000e+00	100
2.403700000e+00	100
2.403800000e+00	100
2.403900000e+00	100
2.404000000e+00	100
2.404100000e+00	100
2.404200000e+00	100
2.404300000e+00	99
2.404400000e+00	100
2.404500000e+00	100
2.404600000e+00	100
2.404700000e+00	100
2.404800000e+00	100
2.404900000e+00	100
2.405000000e+00	100
2.405100000e+00	100
2.405200000e+00	100
2.405300000e+00	100
2.405400000e+00	100
2.405500000e+00	100
2.405600000e+00	100
2.405700000e+00	100
2.405800000e+00	100
2.405900000e+00	100
2.406000000e+00	100
2.406100000e+00	100
2.406200000e+00	100
2.406300000e+00	100
2.406400000e+00	100
2.406500000e+00	100
2.406600000e+00	100
2.406700000e+00	100
2.406800000e+00	100
2.406900000e+00	100
2.407000000e+00	99
2.407100000e+00	100
2.407200000e+00	100
2.407300000e+00	100
2.407400000e+00	100
2.407500000e+00	100
2.407600000e+00	100
2.407700000e+00	100
2.407800000e+00	100
2.407900000e+00	100
2.408000000e+00	100
2.408100000e+00	100
2.408200000e+00	99
2.408300000e+00	100
2.408400000e+00	100
2.408500000e+00	100
2.408600000e+00	100
2.408700000e+00	100
2.408800000e+00	100
2.408900000e+00	100
2.409000000e+00	100
2.409100000e+00	100
2.409200000e+00	100
2.409300000e+00	100
2.409400000e+00	100
2.409500000e+00	100
2.409600000e+00	100
2.409700000e+00	100
2.409800000e+00	100
2.409900000e+00	100
2.410000000e+00	100
2.410100000e+00	100
2.410200000e+00	100
2.410300000e+00	100
2.410400000e+00	100
2.410500000e+00	98
2.410600000e+00	100
2.410700000e+00	100
2.410800000e+00	100
2.410900000e+00	100
2.411000000e+00	100
2.411100000e+00	100
2.411200000e+00	100
2.411300000e+00	100
2.411400000e+00	100
2.411500000e+00	100
2.411600000e+00	100
2.411700000e+00	100
2.411800000e+00	100
2.411900000e+00	100
2.412000000e+00	100
2.412100000e+00	100
2.412200000e+00	98
2.412300000e+00	100
2.412400000e+00	100
2.412500000e+00	100
2.412600000e+00	100
2.412700000e+00	100
2.412800000e+00	100
2.412900000e+00	100
2.413000000e+00	100
2.413100000e+00	100
2.413200000e+00	100
2.413300000e+00	100
2.413400000e+00	100
2.413500000e+00	100
2.413600000e+00	100
2.413700000e+00	100
2.413800000e+00	100
2.413900000e+00	100
2.414000000e+00	100
2.414100000e+00	100
2.414200000e+00	4
2.414300000e+00	100
2.414400000e+00	100
2.414500000e+00	100
2.414600000e+00	100
2.414700000e+00	100
2.414800000e+00	100
2.414900000e+00	100
2.415000000e+00	100
2.415100000e+00	100
2.415200000e+00	100
2.415300000e+00	100
2.415400000e+00	100
2.415500000e+00	100
2.415600000e+00	100
2.415700000e+00	100
2.415800000e+00	100
2.415900000e+00	100
2.416000000e+00	100
2.416100000e+00	100
2.416200000e+00	100
2.416300000e+00	100
2.416400000e+00	100
2.416500000e+00	100
2.416600000e+00	100
2.416700000e+00	100
2.416800000e+00	100
2.416900000e+00	100
2.417000000e+00	100
2.417100000e+00	100
2.417200000e+00	100
2.417300000e+00	100
2.417400000e+00	98
2.417500000e+00	100
2.417600000e+00	100
2.417700000e+00	99
2.417800000e+00	100
2.417900000e+00	100
2.418000000e+00	100
2.418100000e+00	99
2.418200000e+00	100
2.418300000e+00	100
2.418400000e+00	100
2.418500000e+00	100
2.418600000e+00	100
2.418700000e+00	100
2.418800000e+00	100
2.418900000e+00	100
2.419000000e+00	100
2.419100000e+00	100
2.419200000e+00	100
2.419300000e+00	100
2.419400000e+00	100
2.419500000e+00	100
2.419600000e+00	100
2.419700000e+00	100
2.419800000e+00	100
2.419900000e+00	100
2.420000000e+00	100
2.420100000e+00	100
2.420200000e+00	100
2.420300000e+00	98
2.420400000e+00	100
2.420500000e+00	100
2.420600000e+00	100
2.420700000e+00	100
2.420800000e+00	100
2.420900000e+00	99
2.421000000e+00	100
2.421100000e+00	100
2.421200000e+00	100
2.421300000e+00	100
2.421400000e+00	100
2.421500000e+00	100
2.421600000e+00	100
2.421700000e+00	100
2.421800000e+00	100
2.421900000e+00	100
2.422000000e+00	100
2.422100000e+00	99
2.422200000e+00	100
2.422300000e+00	100
2.422400000e+00	100
2.422500000e+00	100
2.422600000e+00	100
2.422700000e+00	100
2.422800000e+00	100
2.422900000e+00	100
2.423000000e+00	100
2.423100000e+00	100
2.423200000e+00	100
2.423300000e+00	100
2.423400000e+00	100
2.423500000e+00	100
2.423600000e+00	100
2.423700000e+00	100
2.423800000e+00	100
2.423900000e+00	100
2.424000000e+00	100
2.424100000e+00	100
2.424200000e+00	100
2.424300000e+00	100
2.424400000e+00	100
2.424500000e+00	100
2.424600000e+00	100
2.424700000e+00	100
2.424800000e+00	100
2.424900000e+00	100
2.425000000e+00	100
2.425100000e+00	100
2.425200000e+00	100
2.425300000e+00	100
2.425400000e+00	100
2.425500000e+00	100
2.425600000e+00	100
2.425700000e+00	100
2.425800000e+00	100
2.425900000e+00	100
2.426000000e+00	100
2.426100000e+00	100
2.426200000e+00	100
2.426300000e+00	98
2.426400000e+00	100
2.426500000e+00	100
2.426600000e+00	100
2.426700000e+00	100
2.426800000e+00	100
2.426900000e+00	100
2.427000000e+00	100
2.427100000e+00	100
2.427200000e+00	100
2.427300000e+00	100
2.427400000e+00	100
2.427500000e+00	100
2.427600000e+00	79
2.427700000e+00	100
2.427800000e+00	100
2.427900000e+00	100
2.428000000e+00	100
2.428100000e+00	100
2.428200000e+00	100
2.428300000e+00	100
2.428400000e+00	100
2.428500000e+00	100
2.428600000e+00	100
2.428700000e+00	100
2.428800000e+00	100
2.428900000e+00	100
2.429000000e+00	100
2.429100000e+00	100
2.429200000e+00	100
2.429300000e+00	100
2.429400000e+00	100
2.429500000e+00	100
2.429600000e+00	100
2.429700000e+00	100
2.429800000e+00	100
2.429900000e+00	100
2.430000000e+00	100
2.430100000e+00	100
2.430200000e+00	100
2.430300000e+00	100
2.430400000e+00	100
2.430500000e+00	100
2.430600000e+00	100
2.430700000e+00	100
2.430800000e+00	100
2.430900000e+00	100
2.431000000e+00	100
2.431100000e+00	100
2.431200000e+00	100
2.431300000e+00	100
2.431400000e+00	100
2.431500000e+00	100
2.431600000e+00	100
2.431700000e+00	100
2.431800000e+00	100
2.431900000e+00	99
2.432000000e+00	98
2.432100000e+00	100
2.432200000e+00	100
2.432300000e+00	100
2.432400000e+00	100
2.432500000e+00	99
2.432600000e+00	100
2.432700000e+00	100
2.432800000e+00	100
2.432900000e+00	100
2.433000000e+00	100
2.433100000e+00	100
2.433200000e+00	100
2.433300000e+00	100
2.433400000e+00	100
2.433500000e+00	100
2.433600000e+00	100
2.433700000e+00	100
2.433800000e+00	100
2.433900000e+00	100
2.434000000e+00	100
2.434100000e+00	100
2.434200000e+00	100
2.434300000e+00	100
2.434400000e+00	100
2.434500000e+00	100
2.434600000e+00	100
2.434700000e+00	100
2.434800000e+00	100
2.434900000e+00	100
2.435000000e+00	100
2.435100000e+00	100
2.435200000e+00	100
2.435300000e+00	98
2.435400000e+00	100
2.435500000e+00	100
2.435600000e+00	100
2.435700000e+00	100
2.435800000e+00	100
2.435900000e+00	100
2.436000000e+00	100
2.436100000e+00	100
2.436200000e+00	100
2.436300000e+00	100
2.436400000e+00	100
2.436500000e+00	100
2.436600000e+00	100
2.436700000e+00	100
2.436800000e+00	100
2.436900000e+00	100
2.437000000e+00	98
2.437100000e+00	100
2.437200000e+00	100
2.437300000e+00	100
2.437400000e+00	100
2.437500000e+00	100
2.437600000e+00	100
2.437700000e+00	100
2.437800000e+00	100
2.437900000e+00	99
2.438000000e+00	100
2.438100000e+00	100
2.438200000e+00	100
2.438300000e+00	100
2.438400000e+00	100
2.438500000e+00	100
2.438600000e+00	100
2.438700000e+00	100
2.438800000e+00	100
2.438900000e+00	100
2.439000000e+00	100
2.439100000e+00	100
2.439200000e+00	100
2.439300000e+00	100
2.439400000e+00	100
2.439500000e+00	100
2.439600000e+00	100
2.439700000e+00	100
2.439800000e+00	99
2.439900000e+00	100
2.440000000e+00	100
2.440100000e+00	100
2.440200000e+00	100
2.440300000e+00	100
2.440400000e+00	100
2.440500000e+00	100
2.440600000e+00	100
2.440700000e+00	100
2.440800000e+00	100
2.440900000e+00	100
2.441000000e+00	100
2.441100000e+00	100
2.441200000e+00	100
2.441300000e+00	100
2.441400000e+00	100
2.441500000e+00	100
2.441600000e+00	100
2.441700000e+00	100
2.441800000e+00	100
2.441900000e+00	100
2.442000000e+00	100
2.442100000e+00	100
2.442200000e+00	100
2.442300000e+00	100
2.442400000e+00	100
2.442500000e+00	100
2.442600000e+00	100
2.442700000e+00	100
2.442800000e+00	100
2.442900000e+00	100
2.443000000e+00	100
2.443100000e+00	100
2.443200000e+00	100
2.443300000e+00	100
2.443400000e+00	100
2.443500000e+00	100
2.443600000e+00	100
2.443700000e+00	100
2.443800000e+00	100
2.443900000e+00	100
2.444000000e+00	100
2.444100000e+00	100
2.444200000e+00	100
2.444300000e+00	100
2.444400000e+00	100
2.444500000e+00	100
2.444600000e+00	100
2.444700000e+00	100
2.444800000e+00	100
2.444900000e+00	100
2.445000000e+00	100
2.445100000e+00	100
2.445200000e+00	16
2.445300000e+00	100
2.445400000e+00	100
2.445500000e+00	100
2.445600000e+00	100
2.445700000e+00	100
2.445800000e+00	100
2.445900000e+00	100
2.446000000e+00	100
2.446100000e+00	100
2.446200000e+00	100
2.446300000e+00	100
2.446400000e+00	100
2.446500000e+00	100
2.446600000e+00	100
2.446700000e+00	100
2.446800000e+00	100
2.446900000e+00	100
2.447000000e+00	100
2.447100000e+00	100
2.447200000e+00	100
2.447300000e+00	100
2.447400000e+00	15
2.447500000e+00	100
2.447600000e+00	100
2.447700000e+00	100
2.447800000e+00	100
2.447900000e+00	100
2.448000000e+00	100
2.448100000e+00	100
2.448200000e+00	100
2.448300000e+00	100
2.448400000e+00	100
2.448500000e+00	100
2.448600000e+00	98
2.448700000e+00	100
2.448800000e+00	99
2.448900000e+00	100
2.449000000e+00	100
2.449100000e+00	100
2.449200000e+00	100
2.449300000e+00	100
2.449400000e+00	100
2.449500000e+00	99
2.449600000e+00	100
2.449700000e+00	99
2.449800000e+00	100
2.449900000e+00	100
2.450000000e+00	100
2.450100000e+00	100
2.450200000e+00	100
2.450300000e+00	100
2.450400000e+00	100
2.450500000e+00	100
2.450600000e+00	100
2.450700000e+00	100
2.450800000e+00	100
2.450900000e+00	100
2.451000000e+00	100
2.451100000e+00	100
2.451200000e+00	100
2.451300000e+00	100
2.451400000e+00	100
2.451500000e+00	100
2.451600000e+00	100
2.451700000e+00	100
2.451800000e+00	100
2.451900000e+00	100
2.452000000e+00	100
2.452100000e+00	100
2.452200000e+00	100
2.452300000e+00	100
2.452400000e+00	100
2.452500000e+00	100
2.452600000e+00	100
2.452700000e+00	100
2.452800000e+00	100
2.452900000e+00	100
2.453000000e+00	100
2.453100000e+00	100
2.453200000e+00	100
2.453300000e+00	100
2.453400000e+00	100
2.453500000e+00	100
2.453600000e+00	100
2.453700000e+00	100
2.453800000e+00	100
2.453900000e+00	100
2.454000000e+00	99
2.454100000e+00	100
2.454200000e+00	100
2.454300000e+00	100
2.454400000e+00	100
2.454500000e+00	100
2.454600000e+00	100
2.454700000e+00	100
2.454800000e+00	100
2.454900000e+00	100
2.455000000e+00	100
2.455100000e+00	100
2.455200000e+00	100
2.455300000e+00	100
2.455400000e+00	100
2.455500000e+00	100
2.455600000e+00	100
2.455700000e+00	100
2.455800000e+00	100
2.455900000e+00	100
2.456000000e+00	100
2.456100000e+00	100
2.456200000e+00	98
2.456300000e+00	100
2.456400000e+00	100
2.456500000e+00	100
2.456600000e+00	100
2.456700000e+00	100
2.456800000e+00	100
2.456900000e+00	100
2.457000000e+00	100
2.457100000e+00	100
2.457200000e+00	100
2.457300000e+00	100
2.457400000e+00	100
2.457500000e+00	100
2.457600000e+00	100
2.457700000e+00	99
2.457800000e+00	100
2.457900000e+00	100
2.458000000e+00	100
2.458100000e+00	100
2.458200000e+00	100
2.458300000e+00	100
2.458400000e+00	100
2.458500000e+00	100
2.458600000e+00	100
2.458700000e+00	100
2.458800000e+00	100
2.458900000e+00	100
2.459000000e+00	100
2.459100000e+00	100
2.459200000e+00	100
2.459300000e+00	100
2.459400000e+00	100
2.459500000e+00	100
2.459600000e+00	100
2.459700000e+00	100
2.459800000e+00	100
2.459900000e+00	100
2.460000000e+00	100
2.460100000e+00	100
2.460200000e+00	100
2.460300000e+00	100
2.460400000e+00	100
2.460500000e+00	100
2.460600000e+00	100
2.460700000e+00	100
2.460800000e+00	100
2.460900000e+00	100
2.461000000e+00	100
2.461100000e+00	98
2.461200000e+00	100
2.461300000e+00	100
2.461400000e+00	100
2.461500000e+00	100
2.461600000e+00	99
2.461700000e+00	100
2.461800000e+00	100
2.461900000e+00	100
2.462000000e+00	100
2.462100000e+00	100
2.462200000e+00	100
2.462300000e+00	100
2.462400000e+00	100
2.462500000e+00	100
2.462600000e+00	100
2.462700000e+00	100
2.462800000e+00	97
2.462900000e+00	100
2.463000000e+00	100
2.463100000e+00	100
2.463200000e+00	100
2.463300000e+00	100
2.463400000e+00	100
2.463500000e+00	100
2.463600000e+00	100
2.463700000e+00	100
2.463800000e+00	100
2.463900000e+00	100
2.464000000e+00	100
2.464100000e+00	100
2.464200000e+00	100
2.464300000e+00	100
2.464400000e+00	100
2.464500000e+00	100
2.464600000e+00	100
2.464700000e+00	100
2.464800000e+00	100
2.464900000e+00	100
2.465000000e+00	100
2.465100000e+00	100
2.465200000e+00	100
2.465300000e+00	100
2.465400000e+00	100
2.465500000e+00	100
2.465600000e+00	100
2.465700000e+00	100
2.465800000e+00	100
2.465900000e+00	100
2.466000000e+00	100
2.466100000e+00	100
2.466200000e+00	100
2.466300000e+00	100
2.466400000e+00	100
2.466500000e+00	100
2.466600000e+00	100
2.466700000e+00	100
2.466800000e+00	100
2.466900000e+00	100
2.467000000e+00	100
2.467100000e+00	100
2.467200000e+00	100
2.467300000e+00	100
2.467400000e+00	100
2.467500000e+00	100
2.467600000e+00	100
2.467700000e+00	100
2.467800000e+00	100
2.467900000e+00	100
2.468000000e+00	100
2.468100000e+00	100
2.468200000e+00	100
2.468300000e+00	100
2.468400000e+00	100
2.468500000e+00	100
2.468600000e+00	100
2.468700000e+00	99
2.468800000e+00	100
2.468900000e+00	100
2.469000000e+00	95
2.469100000e+00	100
2.469200000e+00	100
2.469300000e+00	100
2.469400000e+00	100
2.469500000e+00	100
2.469600000e+00	100
2.469700000e+00	100
2.469800000e+00	100
2.469900000e+00	100
2.470000000e+00	100
2.470100000e+00	97
2.470200000e+00	100
2.470300000e+00	100
2.470400000e+00	100
2.470500000e+00	100
2.470600000e+00	100
2.470700000e+00	100
2.470800000e+00	100
2.470900000e+00	100
2.471000000e+00	98
2.471100000e+00	100
2.471200000e+00	100
2.471300000e+00	100
2.471400000e+00	100
2.471500000e+00	100
2.471600000e+00	100
2.471700000e+00	100
2.471800000e+00	31
2.471900000e+00	100
2.472000000e+00	100
2.472100000e+00	100
2.472200000e+00	100
2.472300000e+00	100
2.472400000e+00	100
2.472500000e+00	100
2.472600000e+00	100
2.472700000e+00	100
2.472800000e+00	100
2.472900000e+00	100
2.473000000e+00	100
2.473100000e+00	100
2.473200000e+00	98
2.473300000e+00	100
2.473400000e+00	100
2.473500000e+00	100
2.473600000e+00	100
2.473700000e+00	100
2.473800000e+00	100
2.473900000e+00	100
2.474000000e+00	100
2.474100000e+00	99
2.474200000e+00	100
2.474300000e+00	100
2.474400000e+00	100
2.474500000e+00	100
2.474600000e+00	100
2.474700000e+00	100
2.474800000e+00	100
2.474900000e+00	100
2.475000000e+00	100
2.475100000e+00	100
2.475200000e+00	100
2.475300000e+00	100
2.475400000e+00	100
2.475500000e+00	100
2.475600000e+00	100
2.475700000e+00	100
2.475800000e+00	100
2.475900000e+00	93
2.476000000e+00	100
2.476100000e+00	100
2.476200000e+00	100
2.476300000e+00	100
2.476400000e+00	100
2.476500000e+00	100
2.476600000e+00	100
2.476700000e+00	100
2.476800000e+00	100
2.476900000e+00	100
2.477000000e+00	100
2.477100000e+00	100
2.477200000e+00	100
2.477300000e+00	100
2.477400000e+00	100
2.477500000e+00	100
2.477600000e+00	93
2.477700000e+00	100
2.477800000e+00	100
2.477900000e+00	100
2.478000000e+00	95
2.478100000e+00	100
2.478200000e+00	100
2.478300000e+00	100
2.478400000e+00	100
2.478500000e+00	100
2.478600000e+00	100
2.478700000e+00	100
2.478800000e+00	100
2.478900000e+00	100
2.479000000e+00	100
2.479100000e+00	100
2.479200000e+00	100
2.479300000e+00	100
2.479400000e+00	100
2.479500000e+00	100
2.479600000e+00	1
2.479700000e+00	1
2.479800000e+00	1
2.479900000e+00	1
2.480000000e+00	1
2.480100000e+00	1
2.480200000e+00	1
2.480300000e+00	1
2.480400000e+00	1
2.480500000e+00	1
2.480600000e+00	1
2.480700000e+00	1
2.480800000e+00	1
2.480900000e+00	1
2.481000000e+00	1
2.481100000e+00	1
2.481200000e+00	1
2.481300000e+00	1
2.481400000e+00	1
2.481500000e+00	1
2.481600000e+00	1
2.481700000e+00	1
2.481800000e+00	1
2.481900000e+00	1
2.482000000e+00	1
2.482100000e+00	1
2.482200000e+00	1
2.482300000e+00	1
2.482400000e+00	1
2.482500000e+00	1
2.482600000e+00	1
2.482700000e+00	1
2.482800000e+00	1
2.482900000e+00	1
2.483000000e+00	1
2.483100000e+00	1
2.483200000e+00	1
2.483300000e+00	1
2.483400000e+00	1
2.483500000e+00	1
2.483600000e+00	1
2.483700000e+00	1
2.483800000e+00	1
2.483900000e+00	1
2.484000000e+00	1
2.484100000e+00	1
2.484200000e+00	1
2.484300000e+00	1
2.484400000e+00	1
2.484500000e+00	1
2.484600000e+00	1
2.484700000e+00	1
2.484800000e+00	1
2.484900000e+00	1
2.485000000e+00	1
2.485100000e+00	1
2.485200000e+00	1
2.485300000e+00	1
2.485400000e+00	1
2.485500000e+00	1
2.485600000e+00	1
2.485700000e+00	1
2.485800000e+00	1
2.485900000e+00	1
2.486000000e+00	1
2.486100000e+00	1
2.486200000e+00	1
2.486300000e+00	1
2.486400000e+00	1
2.486500000e+00	1
2.486600000e+00	1
2.486700000e+00	1
2.486800000e+00	1
2.486900000e+00	1
2.487000000e+00	1
2.487100000e+00	1
2.487200000e+00	1
2.487300000e+00	1
2.487400000e+00	1
2.487500000e+00	1
2.487600000e+00	1
2.487700000e+00	1
2.487800000e+00	1
2.487900000e+00	1
2.488000000e+00	1
2.488100000e+00	1
2.488200000e+00	1
2.488300000e+00	1
2.488400000e+00	1
2.488500000e+00	1
2.488600000e+00	1
2.488700000e+00	1
2.488800000e+00	1
2.488900000e+00	1
2.489000000e+00	1
2.489100000e+00	1
2.489200000e+00	1
2.489300000e+00	1
2.489400000e+00	1
2.489500000e+00	1
2.489600000e+00	1
2.489700000e+00	1
2.489800000e+00	1
2.489900000e+00	1
2.490000000e+00	1
2.490100000e+00	1
2.490200000e+00	1
2.490300000e+00	1
2.490400000e+00	1
2.490500000e+00	1
2.490600000e+00	1
2.490700000e+00	1
2.490800000e+00	1
2.490900000e+00	1
2.491000000e+00	1
2.491100000e+00	1
2.491200000e+00	1
2.491300000e+00	1
2.491400000e+00	1
2.491500000e+00	1
2.491600000e+00	1
2.491700000e+00	1
2.491800000e+00	1
2.491900000e+00	1
2.492000000e+00	1
2.492100000e+00	1
2.492200000e+00	1
2.492300000e+00	1
2.492400000e+00	1
2.492500000e+00	1
2.492600000e+00	1
2.492700000e+00	1
2.492800000e+00	1
2.492900000e+00	1
2.493000000e+00	1
2.493100000e+00	1
2.493200000e+00	1
2.493300000e+00	1
2.493400000e+00	1
2.493500000e+00	1
2.493600000e+00	1
2.493700000e+00	1
2.493800000e+00	1
2.493900000e+00	1
2.494000000e+00	1
2.494100000e+00	1
2.494200000e+00	1
2.494300000e+00	1
2.494400000e+00	1
2.494500000e+00	1
2.494600000e+00	1
2.494700000e+00	1
2.494800000e+00	1
2.494900000e+00	1
2.495000000e+00	1
2.495100000e+00	1
2.495200000e+00	1
2.495300000e+00	1
2.495400000e+00	1
2.495500000e+00	1
2.495600000e+00	1
2.495700000e+00	1
2.495800000e+00	1
2.495900000e+00	1
2.496000000e+00	1
2.496100000e+00	1
2.496200000e+00	1
2.496300000e+00	1
2.496400000e+00	1
2.496500000e+00	1
2.496600000e+00	1
2.496700000e+00	1
2.496800000e+00	1
2.496900000e+00	1
2.497000000e+00	1
2.497100000e+00	1
2.497200000e+00	1
2.497300000e+00	1
2.497400000e+00	1
2.497500000e+00	1
2.497600000e+00	1
2.497700000e+00	1
2.497800000e+00	1
2.497900000e+00	1
2.498000000e+00	1
2.498100000e+00	1
2.498200000e+00	1
2.498300000e+00	1
2.498400000e+00	1
2.498500000e+00	1
2.498600000e+00	1
2.498700000e+00	1
2.498800000e+00	1
2.498900000e+00	1
2.499000000e+00	1
2.499100000e+00	1
2.499200000e+00	1
2.499300000e+00	1
2.499400000e+00	1
2.499500000e+00	1
2.499600000e+00	1
2.499700000e+00	1
2.499800000e+00	1
2.499900000e+00	1
2.500000000e+00	1
2.500100000e+00	1
2.500200000e+00	1
2.500300000e+00	1
2.500400000e+00	1
2.500500000e+00	1
2.500600000e+00	1
2.500700000e+00	1
2.500800000e+00	1
2.500900000e+00	1
2.501000000e+00	1
2.501100000e+00	1
2.501200000e+00	1
2.501300000e+00	1
2.501400000e+00	1
2.501500000e+00	1
2.501600000e+00	1
2.501700000e+00	1
2.501800000e+00	1
2.501900000e+00	1
2.502000000e+00	1
2.502100000e+00	1
2.502200000e+00	1
2.502300000e+00	1
2.502400000e+00	1
2.502500000e+00	1
2.502600000e+00	1
2.502700000e+00	1
2.502800000e+00	1
2.502900000e+00	1
2.503000000e+00	1
2.503100000e+00	1
2.503200000e+00	1
2.503300000e+00	1
2.503400000e+00	1
2.503500000e+00	1
2.503600000e+00	1
2.503700000e+00	1
2.503800000e+00	1
2.503900000e+00	1
2.504000000e+00	1
2.504100000e+00	1
2.504200000e+00	1
2.504300000e+00	1
2.504400000e+00	1
2.504500000e+00	1
2.504600000e+00	1
2.504700000e+00	1
2.504800000e+00	1
2.504900000e+00	1
2.505000000e+00	1
2.505100000e+00	1
2.505200000e+00	1
2.505300000e+00	1
2.505400000e+00	1
2.505500000e+00	1
2.505600000e+00	1
2.505700000e+00	1
2.505800000e+00	1
2.505900000e+00	1
2.506000000e+00	1
2.506100000e+00	1
2.506200000e+00	1
2.506300000e+00	1
2.506400000e+00	1
2.506500000e+00	1
2.506600000e+00	1
2.506700000e+00	1
2.506800000e+00	1
2.506900000e+00	1
2.507000000e+00	1
2.507100000e+00	1
2.507200000e+00	1
2.507300000e+00	1
2.507400000e+00	1
2.507500000e+00	1
2.507600000e+00	1
2.507700000e+00	1
2.507800000e+00	1
2.507900000e+00	1
2.508000000e+00	1
2.508100000e+00	1
2.508200000e+00	1
2.508300000e+00	1
2.508400000e+00	1
2.508500000e+00	1
2.508600000e+00	1
2.508700000e+00	1
2.508800000e+00	1
2.508900000e+00	1
2.509000000e+00	1
2.509100000e+00	1
2.509200000e+00	1
2.509300000e+00	1
2.509400000e+00	1
2.509500000e+00	1
2.509600000e+00	1
2.509700000e+00	1
2.509800000e+00	1
2.509900000e+00	1
2.510000000e+00	1
2.510100000e+00	1
2.510200000e+00	1
2.510300000e+00	1
2.510400000e+00	1
2.510500000e+00	1
2.510600000e+00	1
2.510700000e+00	1
2.510800000e+00	1
2.510900000e+00	1
2.511000000e+00	1
2.511100000e+00	1
2.511200000e+00	1
2.511300000e+00	1
2.511400000e+00	1
2.511500000e+00	1
2.511600000e+00	1
2.511700000e+00	1
2.511800000e+00	1
2.511900000e+00	1
2.512000000e+00	1
2.512100000e+00	1
2.512200000e+00	1
2.512300000e+00	1
2.512400000e+00	1
2.512500000e+00	1
2.512600000e+00	1
2.512700000e+00	1
2.512800000e+00	1
2.512900000e+00	1
2.513000000e+00	1
2.513100000e+00	1
2.513200000e+00	1
2.513300000e+00	1
2.513400000e+00	1
2.513500000e+00	1
2.513600000e+00	1
2.513700000e+00	1
2.513800000e+00	1
2.513900000e+00	1
2.514000000e+00	1
2.514100000e+00	1
2.514200000e+00	1
2.514300000e+00	1
2.514400000e+00	1
2.514500000e+00	1
2.514600000e+00	1
2.514700000e+00	1
2.514800000e+00	1
2.514900000e+00	1
2.515000000e+00	1
2.515100000e+00	1
2.515200000e+00	1
2.515300000e+00	1
2.515400000e+00	1
2.515500000e+00	1
2.515600000e+00	1
2.515700000e+00	1
2.515800000e+00	1
2.515900000e+00	1
2.516000000e+00	1
2.516100000e+00	1
2.516200000e+00	1
2.516300000e+00	1
2.516400000e+00	1
2.516500000e+00	1
2.516600000e+00	1
2.516700000e+00	1
2.516800000e+00	1
2.516900000e+00	1
2.517000000e+00	1
2.517100000e+00	1
2.517200000e+00	1
2.517300000e+00	1
2.517400000e+00	1
2.517500000e+00	1
2.517600000e+00	1
2.517700000e+00	1
2.517800000e+00	1
2.517900000e+00	1
2.518000000e+00	1
2.518100000e+00	1
2.518200000e+00	1
2.518300000e+00	1
2.518400000e+00	1
2.518500000e+00	1
2.518600000e+00	1
2.518700000e+00	1
2.518800000e+00	1
2.518900000e+00	1
2.519000000e+00	1
2.519100000e+00	1
2.519200000e+00	1
2.519300000e+00	1
2.519400000e+00	1
2.519500000e+00	1
2.519600000e+00	1
2.519700000e+00	1
2.519800000e+00	1
2.519900000e+00	1
2.520000000e+00	1
2.520100000e+00	1
2.520200000e+00	1
2.520300000e+00	1
2.520400000e+00	1
2.520500000e+00	1
2.520600000e+00	1
2.520700000e+00	1
2.520800000e+00	1
2.520900000e+00	1
2.521000000e+00	1
2.521100000e+00	1
2.521200000e+00	1
2.521300000e+00	1
2.521400000e+00	1
2.521500000e+00	1
2.521600000e+00	1
2.521700000e+00	1
2.521800000e+00	1
2.521900000e+00	1
2.522000000e+00	1
2.522100000e+00	1
2.522200000e+00	1
2.522300000e+00	1
2.522400000e+00	1
2.522500000e+00	1
2.522600000e+00	1
2.522700000e+00	1
2.522800000e+00	1
2.522900000e+00	1
2.523000000e+00	1
2.523100000e+00	1
2.523200000e+00	1
2.523300000e+00	1
2.523400000e+00	1
2.523500000e+00	1
2.523600000e+00	1
2.523700000e+00	1
2.523800000e+00	1
2.523900000e+00	1
2.524000000e+00	1
2.524100000e+00	1
2.524200000e+00	1
2.524300000e+00	1
2.524400000e+00	1
2.524500000e+00	1
2.524600000e+00	1
2.524700000e+00	1
2.524800000e+00	1
2.524900000e+00	1
2.525000000e+00	1
2.525100000e+00	1
2.525200000e+00	1
2.525300000e+00	1
2.525400000e+00	1
2.525500000e+00	1
2.525600000e+00	1
2.525700000e+00	1
2.525800000e+00	1
2.525900000e+00	1
2.526000000e+00	1
2.526100000e+00	1
2.526200000e+00	1
2.526300000e+00	1
2.526400000e+00	1
2.526500000e+00	1
2.526600000e+00	1
2.526700000e+00	1
2.526800000e+00	1
2.526900000e+00	1
2.527000000e+00	1
2.527100000e+00	1
2.527200000e+00	1
2.527300000e+00	1
2.527400000e+00	1
2.527500000e+00	1
2.527600000e+00	1
2.527700000e+00	1
2.527800000e+00	1
2.527900000e+00	1
2.528000000e+00	1
2.528100000e+00	1
2.528200000e+00	1
2.528300000e+00	1
2.528400000e+00	1
2.528500000e+00	1
2.528600000e+00	1
2.528700000e+00	1
2.528800000e+00	1
2.528900000e+00	1
2.529000000e+00	1
2.529100000e+00	1
2.529200000e+00	1
2.529300000e+00	1
2.529400000e+00	1
2.529500000e+00	1
2.529600000e+00	1
2.529700000e+00	1
2.529800000e+00	1
2.529900000e+00	1
2.530000000e+00	1
2.530100000e+00	1
2.530200000e+00	1
2.530300000e+00	1
2.530400000e+00	1
2.530500000e+00	1
2.530600000e+00	1
2.530700000e+00	1
2.530800000e+00	1
2.530900000e+00	1
2.531000000e+00	1
2.531100000e+00	1
2.531200000e+00	1
2.531300000e+00	1
2.531400000e+00	1
2.531500000e+00	1
2.531600000e+00	1
2.531700000e+00	1
2.531800000e+00	1
2.531900000e+00	1
2.532000000e+00	1
2.532100000e+00	1
2.532200000e+00	1
2.532300000e+00	1
2.532400000e+00	1
2.532500000e+00	1
2.532600000e+00	1
2.532700000e+00	1
2.532800000e+00	1
2.532900000e+00	1
2.533000000e+00	1
2.533100000e+00	1
2.533200000e+00	1
2.533300000e+00	1
2.533400000e+00	1
2.533500000e+00	1
2.533600000e+00	1
2.533700000e+00	1
2.533800000e+00	1
2.533900000e+00	1
2.534000000e+00	1
2.534100000e+00	1
2.534200000e+00	1
2.534300000e+00	1
2.534400000e+00	1
2.534500000e+00	1
2.534600000e+00	1
2.534700000e+00	1
2.534800000e+00	1
2.534900000e+00	1
2.535000000e+00	1
2.535100000e+00	1
2.535200000e+00	1
2.535300000e+00	1
2.535400000e+00	1
2.535500000e+00	1
2.535600000e+00	1
2.535700000e+00	1
2.535800000e+00	1
2.535900000e+00	1
2.536000000e+00	1
2.536100000e+00	1
2.536200000e+00	1
2.536300000e+00	1
2.536400000e+00	1
2.536500000e+00	1
2.536600000e+00	1
2.536700000e+00	1
2.536800000e+00	1
2.536900000e+00	1
2.537000000e+00	1
2.537100000e+00	1
2.537200000e+00	1
2.537300000e+00	1
2.537400000e+00	1
2.537500000e+00	1
2.537600000e+00	1
2.537700000e+00	1
2.537800000e+00	1
2.537900000e+00	1
2.538000000e+00	1
2.538100000e+00	1
2.538200000e+00	1
2.538300000e+00	1
2.538400000e+00	1
2.538500000e+00	1
2.538600000e+00	1
2.538700000e+00	1
2.538800000e+00	1
2.538900000e+00	1
2.539000000e+00	1
2.539100000e+00	1
2.539200000e+00	1
2.539300000e+00	1
2.539400000e+00	1
2.539500000e+00	1
2.539600000e+00	1
2.539700000e+00	1
2.539800000e+00	1
2.539900000e+00	1
2.540000000e+00	1
2.540100000e+00	1
2.540200000e+00	1
2.540300000e+00	1
2.540400000e+00	1
2.540500000e+00	1
2.540600000e+00	1
2.540700000e+00	1
2.540800000e+00	1
2.540900000e+00	1
2.541000000e+00	1
2.541100000e+00	1
2.541200000e+00	1
2.541300000e+00	1
2.541400000e+00	1
2.541500000e+00	1
2.541600000e+00	1
2.541700000e+00	1
2.541800000e+00	1
2.541900000e+00	1
2.542000000e+00	1
2.542100000e+00	1
2.542200000e+00	1
2.542300000e+00	1
2.542400000e+00	1
2.542500000e+00	1
2.542600000e+00	1
2.542700000e+00	1
2.542800000e+00	1
2.542900000e+00	1
2.543000000e+00	1
2.543100000e+00	1
2.543200000e+00	1
2.543300000e+00	1
2.543400000e+00	1
2.543500000e+00	1
2.543600000e+00	1
2.543700000e+00	1
2.543800000e+00	1
2.543900000e+00	1
2.544000000e+00	1
2.544100000e+00	1
2.544200000e+00	1
2.544300000e+00	1
2.544400000e+00	1
2.544500000e+00	1
2.544600000e+00	1
2.544700000e+00	1
2.544800000e+00	1
2.544900000e+00	1
2.545000000e+00	1
2.545100000e+00	1
2.545200000e+00	1
2.545300000e+00	1
2.545400000e+00	1
2.545500000e+00	1
2.545600000e+00	1
2.545700000e+00	1
2.545800000e+00	1
2.545900000e+00	1
2.546000000e+00	1
2.546100000e+00	1
2.546200000e+00	1
2.546300000e+00	1
2.546400000e+00	1
2.546500000e+00	1
2.546600000e+00	1
2.546700000e+00	1
2.546800000e+00	1
2.546900000e+00	1
2.547000000e+00	1
2.547100000e+00	1
2.547200000e+00	1
2.547300000e+00	1
2.547400000e+00	1
2.547500000e+00	1
2.547600000e+00	1
2.547700000e+00	1
2.547800000e+00	1
2.547900000e+00	1
2.548000000e+00	1
2.548100000e+00	1
2.548200000e+00	1
2.548300000e+00	1
2.548400000e+00	1
2.548500000e+00	1
2.548600000e+00	1
2.548700000e+00	1
2.548800000e+00	1
2.548900000e+00	1
2.549000000e+00	1
2.549100000e+00	1
2.549200000e+00	1
2.549300000e+00	1
2.549400000e+00	1
2.549500000e+00	1
2.549600000e+00	1
2.549700000e+00	1
2.549800000e+00	1
2.549900000e+00	1
2.550000000e+00	1
2.550100000e+00	1
2.550200000e+00	1
2.550300000e+00	1
2.550400000e+00	1
2.550500000e+00	1
2.550600000e+00	1
2.550700000e+00	1
2.550800000e+00	1
2.550900000e+00	1
2.551000000e+00	1
2.551100000e+00	1
2.551200000e+00	1
2.551300000e+00	1
2.551400000e+00	1
2.551500000e+00	1
2.551600000e+00	1
2.551700000e+00	1
2.551800000e+00	1
2.551900000e+00	1
2.552000000e+00	1
2.552100000e+00	1
2.552200000e+00	1
2.552300000e+00	1
2.552400000e+00	1
2.552500000e+00	1
2.552600000e+00	1
2.552700000e+00	1
2.552800000e+00	1
2.552900000e+00	1
2.553000000e+00	1
2.553100000e+00	1
2.553200000e+00	1
2.553300000e+00	1
2.553400000e+00	1
2.553500000e+00	1
2.553600000e+00	1
2.553700000e+00	1
2.553800000e+00	1
2.553900000e+00	1
2.554000000e+00	1
2.554100000e+00	1
2.554200000e+00	1
2.554300000e+00	1
2.554400000e+00	1
2.554500000e+00	1
2.554600000e+00	1
2.554700000e+00	1
2.554800000e+00	1
2.554900000e+00	1
2.555000000e+00	1
2.555100000e+00	1
2.555200000e+00	1
2.555300000e+00	1
2.555400000e+00	1
2.555500000e+00	1
2.555600000e+00	1
2.555700000e+00	1
2.555800000e+00	1
2.555900000e+00	1
2.556000000e+00	1
2.556100000e+00	1
2.556200000e+00	1
2.556300000e+00	1
2.556400000e+00	1
2.556500000e+00	1
2.556600000e+00	1
2.556700000e+00	1
2.556800000e+00	1
2.556900000e+00	1
2.557000000e+00	1
2.557100000e+00	1
2.557200000e+00	1
2.557300000e+00	1
2.557400000e+00	1
2.557500000e+00	1
2.557600000e+00	1
2.557700000e+00	1
2.557800000e+00	1
2.557900000e+00	1
2.558000000e+00	1
2.558100000e+00	1
2.558200000e+00	1
2.558300000e+00	1
2.558400000e+00	1
2.558500000e+00	1
2.558600000e+00	1
2.558700000e+00	1
2.558800000e+00	1
2.558900000e+00	1
2.559000000e+00	1
2.559100000e+00	1
2.559200000e+00	1
2.559300000e+00	1
2.559400000e+00	1
2.559500000e+00	1
2.559600000e+00	2
2.559700000e+00	2
2.559800000e+00	2
2.559900000e+00	2
2.560000000e+00	2
2.560100000e+00	2
2.560200000e+00	2
2.560300000e+00	2
2.560400000e+00	2
2.560500000e+00	2
2.560600000e+00	2
2.560700000e+00	2
2.560800000e+00	2
2.560900000e+00	2
2.561000000e+00	2
2.561100000e+00	2
2.561200000e+00	2
2.561300000e+00	2
2.561400000e+00	2
2.561500000e+00	2
2.561600000e+00	2
2.561700000e+00	2
2.561800000e+00	2
2.561900000e+00	2
2.562000000e+00	2
2.562100000e+00	2
2.562200000e+00	2
2.562300000e+00	2
2.562400000e+00	2
2.562500000e+00	2
2.562600000e+00	2
2.562700000e+00	2
2.562800000e+00	2
2.562900000e+00	2
2.563000000e+00	2
2.563100000e+00	2
2.563200000e+00	2
2.563300000e+00	2
2.563400000e+00	2
2.563500000e+00	2
2.563600000e+00	2
2.563700000e+00	2
2.563800000e+00	2
2.563900000e+00	2
2.564000000e+00	2
2.564100000e+00	2
2.564200000e+00	2
2.564300000e+00	2
2.564400000e+00	2
2.564500000e+00	2
2.564600000e+00	2
2.564700000e+00	2
2.564800000e+00	2
2.564900000e+00	2
2.565000000e+00	2
2.565100000e+00	2
2.565200000e+00	2
2.565300000e+00	2
2.565400000e+00	2
2.565500000e+00	2
2.565600000e+00	2
2.565700000e+00	2
2.565800000e+00	2
2.565900000e+00	2
2.566000000e+00	2
2.566100000e+00	2
2.566200000e+00	2
2.566300000e+00	2
2.566400000e+00	2
2.566500000e+00	2
2.566600000e+00	2
2.566700000e+00	2
2.566800000e+00	2
2.566900000e+00	2
2.567000000e+00	2
2.567100000e+00	2
2.567200000e+00	2
2.567300000e+00	2
2.567400000e+00	2
2.567500000e+00	2
2.567600000e+00	2
2.567700000e+00	2
2.567800000e+00	2
2.567900000e+00	2
2.568000000e+00	2
2.568100000e+00	2
2.568200000e+00	2
2.568300000e+00	2
2.568400000e+00	2
2.568500000e+00	2
2.568600000e+00	2
2.568700000e+00	2
2.568800000e+00	2
2.568900000e+00	2
2.569000000e+00	2
2.569100000e+00	2
2.569200000e+00	2
2.569300000e+00	2
2.569400000e+00	2
2.569500000e+00	2
2.569600000e+00	2
2.569700000e+00	2
2.569800000e+00	2
2.569900000e+00	2
2.570000000e+00	2
2.570100000e+00	2
2.570200000e+00	2
2.570300000e+00	2
2.570400000e+00	2
2.570500000e+00	2
2.570600000e+00	2
2.570700000e+00	2
2.570800000e+00	2
2.570900000e+00	2
2.571000000e+00	2
2.571100000e+00	2
2.571200000e+00	2
2.571300000e+00	2
2.571400000e+00	2
2.571500000e+00	2
2.571600000e+00	2
2.571700000e+00	2
2.571800000e+00	2
2.571900000e+00	2
2.572000000e+00	2
2.572100000e+00	2
2.572200000e+00	2
2.572300000e+00	2
2.572400000e+00	2
2.572500000e+00	2
2.572600000e+00	2
2.572700000e+00	2
2.572800000e+00	2
2.572900000e+00	2
2.573000000e+00	2
2.573100000e+00	2
2.573200000e+00	2
2.573300000e+00	2
2.573400000e+00	2
2.573500000e+00	2
2.573600000e+00	2
2.573700000e+00	2
2.573800000e+00	2
2.573900000e+00	2
2.574000000e+00	2
2.574100000e+00	2
2.574200000e+00	2
2.574300000e+00	2
2.574400000e+00	2
2.574500000e+00	2
2.574600000e+00	2
2.574700000e+00	2
2.574800000e+00	2
2.574900000e+00	2
2.575000000e+00	2
2.575100000e+00	2
2.575200000e+00	2
2.575300000e+00	2
2.575400000e+00	2
2.575500000e+00	2
2.575600000e+00	2
2.575700000e+00	2
2.575800000e+00	2
2.575900000e+00	2
2.576000000e+00	2
2.576100000e+00	2
2.576200000e+00	2
2.576300000e+00	2
2.576400000e+00	2
2.576500000e+00	2
2.576600000e+00	2
2.576700000e+00	2
2.576800000e+00	2
2.576900000e+00	2
2.577000000e+00	2
2.577100000e+00	2
2.577200000e+00	2
2.577300000e+00	2
2.577400000e+00	2
2.577500000e+00	2
2.577600000e+00	2
2.577700000e+00	2
2.577800000e+00	2
2.577900000e+00	2
2.578000000e+00	2
2.578100000e+00	2
2.578200000e+00	2
2.578300000e+00	2
2.578400000e+00	2
2.578500000e+00	2
2.578600000e+00	2
2.578700000e+00	2
2.578800000e+00	2
2.578900000e+00	2
2.579000000e+00	2
2.579100000e+00	2
2.579200000e+00	2
2.579300000e+00	2
2.579400000e+00	2
2.579500000e+00	2
2.579600000e+00	2
2.579700000e+00	2
2.579800000e+00	2
2.579900000e+00	2
2.580000000e+00	2
2.580100000e+00	2
2.580200000e+00	2
2.580300000e+00	2
2.580400000e+00	2
2.580500000e+00	2
2.580600000e+00	2
2.580700000e+00	2
2.580800000e+00	2
2.580900000e+00	2
2.581000000e+00	2
2.581100000e+00	2
2.581200000e+00	2
2.581300000e+00	2
2.581400000e+00	2
2.581500000e+00	2
2.581600000e+00	2
2.581700000e+00	2
2.581800000e+00	2
2.581900000e+00	2
2.582000000e+00	2
2.582100000e+00	2
2.582200000e+00	2
2.582300000e+00	2
2.582400000e+00	2
2.582500000e+00	2
2.582600000e+00	2
2.582700000e+00	2
2.582800000e+00	2
2.582900000e+00	2
2.583000000e+00	2
2.583100000e+00	2
2.583200000e+00	2
2.583300000e+00	2
2.583400000e+00	2
2.583500000e+00	2
2.583600000e+00	2
2.583700000e+00	2
2.583800000e+00	2
2.583900000e+00	2
2.584000000e+00	2
2.584100000e+00	2
2.584200000e+00	2
2.584300000e+00	2
2.584400000e+00	2
2.584500000e+00	2
2.584600000e+00	2
2.584700000e+00	2
2.584800000e+00	2
2.584900000e+00	2
2.585000000e+00	2
2.585100000e+00	2
2.585200000e+00	2
2.585300000e+00	2
2.585400000e+00	2
2.585500000e+00	2
2.585600000e+00	2
2.585700000e+00	2
2.585800000e+00	2
2.585900000e+00	2
2.586000000e+00	2
2.586100000e+00	2
2.586200000e+00	2
2.586300000e+00	2
2.586400000e+00	2
2.586500000e+00	2
2.586600000e+00	2
2.586700000e+00	2
2.586800000e+00	2
2.586900000e+00	2
2.587000000e+00	2
2.587100000e+00	2
2.587200000e+00	2
2.587300000e+00	2
2.587400000e+00	2
2.587500000e+00	2
2.587600000e+00	2
2.587700000e+00	2
2.587800000e+00	2
2.587900000e+00	2
2.588000000e+00	2
2.588100000e+00	2
2.588200000e+00	2
2.588300000e+00	2
2.588400000e+00	2
2.588500000e+00	2
2.588600000e+00	2
2.588700000e+00	2
2.588800000e+00	2
2.588900000e+00	2
2.589000000e+00	2
2.589100000e+00	2
2.589200000e+00	2
2.589300000e+00	2
2.589400000e+00	2
2.589500000e+00	2
2.589600000e+00	2
2.589700000e+00	2
2.589800000e+00	2
2.589900000e+00	2
2.590000000e+00	2
2.590100000e+00	2
2.590200000e+00	2
2.590300000e+00	2
2.590400000e+00	2
2.590500000e+00	2
2.590600000e+00	2
2.590700000e+00	2
2.590800000e+00	2
2.590900000e+00	2
2.591000000e+00	2
2.591100000e+00	2
2.591200000e+00	2
2.591300000e+00	2
2.591400000e+00	2
2.591500000e+00	2
2.591600000e+00	2
2.591700000e+00	2
2.591800000e+00	2
2.591900000e+00	2
2.592000000e+00	2
2.592100000e+00	2
2.592200000e+00	2
2.592300000e+00	2
2.592400000e+00	2
2.592500000e+00	2
2.592600000e+00	2
2.592700000e+00	2
2.592800000e+00	2
2.592900000e+00	2
2.593000000e+00	2
2.593100000e+00	2
2.593200000e+00	2
2.593300000e+00	2
2.593400000e+00	2
2.593500000e+00	2
2.593600000e+00	2
2.593700000e+00	2
2.593800000e+00	2
2.593900000e+00	2
2.594000000e+00	2
2.594100000e+00	2
2.594200000e+00	2
2.594300000e+00	2
2.594400000e+00	2
2.594500000e+00	2
2.594600000e+00	2
2.594700000e+00	2
2.594800000e+00	2
2.594900000e+00	2
2.595000000e+00	2
2.595100000e+00	2
2.595200000e+00	2
2.595300000e+00	2
2.595400000e+00	2
2.595500000e+00	2
2.595600000e+00	2
2.595700000e+00	2
2.595800000e+00	2
2.595900000e+00	2
2.596000000e+00	2
2.596100000e+00	2
2.596200000e+00	2
2.596300000e+00	2
2.596400000e+00	2
2.596500000e+00	2
2.596600000e+00	2
2.596700000e+00	2
2.596800000e+00	2
2.596900000e+00	2
2.597000000e+00	2
2.597100000e+00	2
2.597200000e+00	2
2.597300000e+00	2
2.597400000e+00	2
2.597500000e+00	2
2.597600000e+00	2
2.597700000e+00	2
2.597800000e+00	2
2.597900000e+00	2
2.598000000e+00	2
2.598100000e+00	2
2.598200000e+00	2
2.598300000e+00	4
2.598400000e+00	4
2.598500000e+00	4
2.598600000e+00	4
2.598700000e+00	4
2.598800000e+00	4
2.598900000e+00	4
2.599000000e+00	4
2.599100000e+00	4
2.599200000e+00	4
2.599300000e+00	4
2.599400000e+00	4
2.599500000e+00	4
2.599600000e+00	4
2.599700000e+00	4
2.599800000e+00	4
2.599900000e+00	4
2.600000000e+00	4
2.600100000e+00	4
2.600200000e+00	4
2.600300000e+00	4
2.600400000e+00	4
2.600500000e+00	4
2.600600000e+00	4
2.600700000e+00	4
2.600800000e+00	4
2.600900000e+00	4
2.601000000e+00	4
2.601100000e+00	4
2.601200000e+00	4
2.601300000e+00	4
2.601400000e+00	4
2.601500000e+00	4
2.601600000e+00	4
2.601700000e+00	4
2.601800000e+00	4
2.601900000e+00	4
2.602000000e+00	4
2.602100000e+00	4
2.602200000e+00	4
2.602300000e+00	4
2.602400000e+00	4
2.602500000e+00	4
2.602600000e+00	4
2.602700000e+00	4
2.602800000e+00	4
2.602900000e+00	4
2.603000000e+00	4
2.603100000e+00	4
2.603200000e+00	4
2.603300000e+00	4
2.603400000e+00	4
2.603500000e+00	4
2.603600000e+00	4
2.603700000e+00	4
2.603800000e+00	4
2.603900000e+00	4
2.604000000e+00	4
2.604100000e+00	4
2.604200000e+00	4
2.604300000e+00	4
2.604400000e+00	4
2.604500000e+00	4
2.604600000e+00	4
2.604700000e+00	4
2.604800000e+00	4
2.604900000e+00	4
2.605000000e+00	4
2.605100000e+00	4
2.605200000e+00	4
2.605300000e+00	4
2.605400000e+00	4
2.605500000e+00	4
2.605600000e+00	4
2.605700000e+00	4
2.605800000e+00	4
2.605900000e+00	4
2.606000000e+00	4
2.606100000e+00	4
2.606200000e+00	4
2.606300000e+00	4
2.606400000e+00	4
2.606500000e+00	4
2.606600000e+00	4
2.606700000e+00	4
2.606800000e+00	4
2.606900000e+00	4
2.607000000e+00	4
2.607100000e+00	4
2.607200000e+00	4
2.607300000e+00	4
2.607400000e+00	8
2.607500000e+00	8
2.607600000e+00	8
2.607700000e+00	8
2.607800000e+00	8
2.607900000e+00	8
2.608000000e+00	8
2.608100000e+00	8
2.608200000e+00	8
2.608300000e+00	8
2.608400000e+00	8
2.608500000e+00	8
2.608600000e+00	8
2.608700000e+00	8
2.608800000e+00	8
2.608900000e+00	8
2.609000000e+00	8
2.609100000e+00	8
2.609200000e+00	8
2.609300000e+00	8
2.609400000e+00	16
2.609500000e+00	16
2.609600000e+00	16
2.609700000e+00	16
2.609800000e+00	32
2.609900000e+00	78
2.610000000e+00	99
2.610100000e+00	82
2.610200000e+00	93
2.610300000e+00	98
2.610400000e+00	93
2.610500000e+00	51
2.610600000e+00	20
2.610700000e+00	89
2.610800000e+00	72
2.610900000e+00	99
2.611000000e+00	87
2.611100000e+00	12
2.611200000e+00	84
2.611300000e+00	95
2.611400000e+00	100
2.611500000e+00	92
2.611600000e+00	76
2.611700000e+00	99
2.611800000e+00	100
2.611900000e+00	97
2.612000000e+00	94
2.612100000e+00	97
2.612200000e+00	100
2.612300000e+00	100
2.612400000e+00	100
2.612500000e+00	95
2.612600000e+00	95
2.612700000e+00	100
2.612800000e+00	99
2.612900000e+00	96
2.613000000e+00	99
2.613100000e+00	88
2.613200000e+00	28
2.613300000e+00	99
2.613400000e+00	10
2.613500000e+00	77
2.613600000e+00	97
2.613700000e+00	97
2.613800000e+00	87
2.613900000e+00	95
2.614000000e+00	98
2.614100000e+00	98
2.614200000e+00	100
2.614300000e+00	100
2.614400000e+00	96
2.614500000e+00	100
2.614600000e+00	99
2.614700000e+00	100
2.614800000e+00	91
2.614900000e+00	85
2.615000000e+00	100
2.615100000e+00	99
2.615200000e+00	99
2.615300000e+00	93
2.615400000e+00	90
2.615500000e+00	6
2.615600000e+00	6
2.615700000e+00	6
2.615800000e+00	6
2.615900000e+00	12
2.616000000e+00	12
2.616100000e+00	81
2.616200000e+00	77
2.616300000e+00	80
2.616400000e+00	96
2.616500000e+00	99
2.616600000e+00	99
2.616700000e+00	99
2.616800000e+00	97
2.616900000e+00	90
2.617000000e+00	97
2.617100000e+00	95
2.617200000e+00	96
2.617300000e+00	95
2.617400000e+00	99
2.617500000e+00	99
2.617600000e+00	100
2.617700000e+00	96
2.617800000e+00	89
2.617900000e+00	92
2.618000000e+00	99
2.618100000e+00	99
2.618200000e+00	99
2.618300000e+00	100
2.618400000e+00	94
2.618500000e+00	95
2.618600000e+00	96
2.618700000e+00	97
2.618800000e+00	95
2.618900000e+00	99
2.619000000e+00	96
2.619100000e+00	60
2.619200000e+00	99
2.619300000e+00	93
2.619400000e+00	94
2.619500000e+00	99
2.619600000e+00	100
2.619700000e+00	100
2.619800000e+00	93
2.619900000e+00	96
2.620000000e+00	93
2.620100000e+00	91
2.620200000e+00	99
2.620300000e+00	99
2.620400000e+00	100
2.620500000e+00	100
2.620600000e+00	88
2.620700000e+00	98
2.620800000e+00	100
2.620900000e+00	99
2.621000000e+00	99
2.621100000e+00	92
2.621200000e+00	100
2.621300000e+00	97
2.621400000e+00	100
2.621500000e+00	98
2.621600000e+00	100
2.621700000e+00	98
2.621800000e+00	98
2.621900000e+00	91
2.622000000e+00	97
2.622100000e+00	100
2.622200000e+00	100
2.622300000e+00	96
2.622400000e+00	100
2.622500000e+00	100
2.622600000e+00	97
2.622700000e+00	100
2.622800000e+00	99
2.622900000e+00	99
2.623000000e+00	96
2.623100000e+00	7
2.623200000e+00	100
2.623300000e+00	96
2.623400000e+00	97
2.623500000e+00	100
2.623600000e+00	99
2.623700000e+00	98
2.623800000e+00	98
2.623900000e+00	94
2.624000000e+00	100
2.624100000e+00	97
2.624200000e+00	99
2.624300000e+00	94
2.624400000e+00	99
2.624500000e+00	98
2.624600000e+00	100
2.624700000e+00	100
2.624800000e+00	98
2.624900000e+00	99
2.625000000e+00	100
2.625100000e+00	98
2.625200000e+00	98
2.625300000e+00	97
2.625400000e+00	88
2.625500000e+00	100
2.625600000e+00	98
2.625700000e+00	97
2.625800000e+00	92
2.625900000e+00	100
2.626000000e+00	100
2.626100000e+00	100
2.626200000e+00	100
2.626300000e+00	98
2.626400000e+00	92
2.626500000e+00	99
2.626600000e+00	100
2.626700000e+00	100
2.626800000e+00	100
2.626900000e+00	5
2.627000000e+00	5
2.627100000e+00	5
2.627200000e+00	10
2.627300000e+00	19
2.627400000e+00	80
2.627500000e+00	78
2.627600000e+00	89
2.627700000e+00	95
2.627800000e+00	100
2.627900000e+00	100
2.628000000e+00	100
2.628100000e+00	99
2.628200000e+00	87
2.628300000e+00	95
2.628400000e+00	98
2.628500000e+00	100
2.628600000e+00	100
2.628700000e+00	99
2.628800000e+00	97
2.628900000e+00	100
2.629000000e+00	100
2.629100000e+00	100
2.629200000e+00	100
2.629300000e+00	100
2.629400000e+00	96
2.629500000e+00	100
2.629600000e+00	96
2.629700000e+00	93
2.629800000e+00	98
2.629900000e+00	99
2.630000000e+00	91
2.630100000e+00	99
2.630200000e+00	90
2.630300000e+00	100
2.630400000e+00	95
2.630500000e+00	96
2.630600000e+00	98
2.630700000e+00	95
2.630800000e+00	100
2.630900000e+00	93
2.631000000e+00	96
2.631100000e+00	95
2.631200000e+00	98
2.631300000e+00	95
2.631400000e+00	98
2.631500000e+00	98
2.631600000e+00	100
2.631700000e+00	100
2.631800000e+00	96
2.631900000e+00	100
2.632000000e+00	100
2.632100000e+00	97
2.632200000e+00	98
2.632300000e+00	100
2.632400000e+00	96
2.632500000e+00	100
2.632600000e+00	99
2.632700000e+00	94
2.632800000e+00	96
2.632900000e+00	100
2.633000000e+00	99
2.633100000e+00	97
2.633200000e+00	100
2.633300000e+00	94
2.633400000e+00	97
2.633500000e+00	98
2.633600000e+00	100
2.633700000e+00	90
2.633800000e+00	100
2.633900000e+00	100
2.634000000e+00	100
2.634100000e+00	100
2.634200000e+00	99
2.634300000e+00	99
2.634400000e+00	98
2.634500000e+00	100
2.634600000e+00	97
2.634700000e+00	100
2.634800000e+00	97
2.634900000e+00	99
2.635000000e+00	96
2.635100000e+00	99
2.635200000e+00	98
2.635300000e+00	100
2.635400000e+00	92
2.635500000e+00	99
2.635600000e+00	90
2.635700000e+00	100
2.635800000e+00	100
2.635900000e+00	97
2.636000000e+00	100
2.636100000e+00	97
2.636200000e+00	100
2.636300000e+00	100
2.636400000e+00	92
2.636500000e+00	3
2.636600000e+00	3
2.636700000e+00	3
2.636800000e+00	3
2.636900000e+00	3
2.637000000e+00	3
2.637100000e+00	3
2.637200000e+00	3
2.637300000e+00	3
2.637400000e+00	3
2.637500000e+00	3
2.637600000e+00	3
2.637700000e+00	3
2.637800000e+00	3
2.637900000e+00	6
2.638000000e+00	6
2.638100000e+00	6
2.638200000e+00	6
2.638300000e+00	6
2.638400000e+00	6
2.638500000e+00	6
2.638600000e+00	12
2.638700000e+00	23
2.638800000e+00	81
2.638900000e+00	84
2.639000000e+00	90
2.639100000e+00	94
2.639200000e+00	9
2.639300000e+00	94
2.639400000e+00	90
2.639500000e+00	85
2.639600000e+00	99
2.639700000e+00	92
2.639800000e+00	96
2.639900000e+00	99
2.640000000e+00	96
2.640100000e+00	97
2.640200000e+00	98
2.640300000e+00	99
2.640400000e+00	99
2.640500000e+00	100
2.640600000e+00	99
2.640700000e+00	99
2.640800000e+00	98
2.640900000e+00	96
2.641000000e+00	100
2.641100000e+00	98
2.641200000e+00	94
2.641300000e+00	100
2.641400000e+00	99
2.641500000e+00	96
2.641600000e+00	93
2.641700000e+00	97
2.641800000e+00	14
2.641900000e+00	100
2.642000000e+00	99
2.642100000e+00	97
2.642200000e+00	100
2.642300000e+00	98
2.642400000e+00	98
2.642500000e+00	97
2.642600000e+00	98
2.642700000e+00	100
2.642800000e+00	98
2.642900000e+00	89
2.643000000e+00	92
2.643100000e+00	100
2.643200000e+00	100
2.643300000e+00	100
2.643400000e+00	100
2.643500000e+00	100
2.643600000e+00	100
2.643700000e+00	97
2.643800000e+00	100
2.643900000e+00	100
2.644000000e+00	100
2.644100000e+00	98
2.644200000e+00	98
2.644300000e+00	100
2.644400000e+00	100
2.644500000e+00	100
2.644600000e+00	100
2.644700000e+00	99
2.644800000e+00	99
2.644900000e+00	5
2.645000000e+00	53
2.645100000e+00	97
2.645200000e+00	81
2.645300000e+00	99
2.645400000e+00	99
2.645500000e+00	100
2.645600000e+00	100
2.645700000e+00	100
2.645800000e+00	97
2.645900000e+00	100
2.646000000e+00	92
2.646100000e+00	96
2.646200000e+00	100
2.646300000e+00	91
2.646400000e+00	100
2.646500000e+00	100
2.646600000e+00	99
2.646700000e+00	96
2.646800000e+00	92
2.646900000e+00	98
2.647000000e+00	100
2.647100000e+00	96
2.647200000e+00	100
2.647300000e+00	98
2.647400000e+00	100
2.647500000e+00	100
2.647600000e+00	93
2.647700000e+00	100
2.647800000e+00	99
2.647900000e+00	100
2.648000000e+00	98
2.648100000e+00	100
2.648200000e+00	92
2.648300000e+00	100
2.648400000e+00	100
2.648500000e+00	93
2.648600000e+00	99
2.648700000e+00	94
2.648800000e+00	99
2.648900000e+00	96
2.649000000e+00	100
2.649100000e+00	99
2.649200000e+00	91
2.649300000e+00	98
2.649400000e+00	100
2.649500000e+00	100
2.649600000e+00	99
2.649700000e+00	100
2.649800000e+00	100
2.649900000e+00	97
2.650000000e+00	100
2.650100000e+00	100
2.650200000e+00	97
2.650300000e+00	100
2.650400000e+00	84
2.650500000e+00	99
2.650600000e+00	97
2.650700000e+00	95
2.650800000e+00	100
2.650900000e+00	99
2.651000000e+00	100
2.651100000e+00	4
2.651200000e+00	50
2.651300000e+00	97
2.651400000e+00	94
2.651500000e+00	100
2.651600000e+00	100
2.651700000e+00	100
2.651800000e+00	99
2.651900000e+00	97
2.652000000e+00	100
2.652100000e+00	96
2.652200000e+00	98
2.652300000e+00	100
2.652400000e+00	99
2.652500000e+00	100
2.652600000e+00	100
2.652700000e+00	100
2.652800000e+00	98
2.652900000e+00	98
2.653000000e+00	100
2.653100000e+00	97
2.653200000e+00	98
2.653300000e+00	99
2.653400000e+00	95
2.653500000e+00	100
2.653600000e+00	100
2.653700000e+00	96
2.653800000e+00	100
2.653900000e+00	98
2.654000000e+00	92
2.654100000e+00	100
2.654200000e+00	99
2.654300000e+00	100
2.654400000e+00	100
2.654500000e+00	97
2.654600000e+00	97
2.654700000e+00	89
2.654800000e+00	99
2.654900000e+00	100
2.655000000e+00	100
2.655100000e+00	98
2.655200000e+00	100
2.655300000e+00	99
2.655400000e+00	98
2.655500000e+00	100
2.655600000e+00	100
2.655700000e+00	95
2.655800000e+00	99
2.655900000e+00	100
2.656000000e+00	99
2.656100000e+00	100
2.656200000e+00	99
2.656300000e+00	100
2.656400000e+00	100
2.656500000e+00	100
2.656600000e+00	100
2.656700000e+00	99
2.656800000e+00	100
2.656900000e+00	100
2.657000000e+00	99
2.657100000e+00	100
2.657200000e+00	98
2.657300000e+00	100
2.657400000e+00	100
2.657500000e+00	100
2.657600000e+00	99
2.657700000e+00	100
2.657800000e+00	98
2.657900000e+00	100
2.658000000e+00	99
2.658100000e+00	99
2.658200000e+00	100
2.658300000e+00	100
2.658400000e+00	100
2.658500000e+00	100
2.658600000e+00	100
2.658700000e+00	100
2.658800000e+00	100
2.658900000e+00	100
2.659000000e+00	100
2.659100000e+00	100
2.659200000e+00	100
2.659300000e+00	100
2.659400000e+00	100
2.659500000e+00	100
2.659600000e+00	100
2.659700000e+00	100
2.659800000e+00	100
2.659900000e+00	98
2.660000000e+00	100
2.660100000e+00	100
2.660200000e+00	100
2.660300000e+00	100
2.660400000e+00	100
2.660500000e+00	100
2.660600000e+00	100
2.660700000e+00	100
2.660800000e+00	100
2.660900000e+00	100
2.661000000e+00	100
2.661100000e+00	100
2.661200000e+00	99
2.661300000e+00	99
2.661400000e+00	99
2.661500000e+00	100
2.661600000e+00	100
2.661700000e+00	100
2.661800000e+00	100
2.661900000e+00	100
2.662000000e+00	100
2.662100000e+00	100
2.662200000e+00	100
2.662300000e+00	100
2.662400000e+00	99
2.662500000e+00	100
2.662600000e+00	100
2.662700000e+00	100
2.662800000e+00	100
2.662900000e+00	100
2.663000000e+00	96
2.663100000e+00	100
2.663200000e+00	100
2.663300000e+00	100
2.663400000e+00	100
2.663500000e+00	97
2.663600000e+00	100
2.663700000e+00	99
2.663800000e+00	98
2.663900000e+00	99
2.664000000e+00	100
2.664100000e+00	100
2.664200000e+00	99
2.664300000e+00	100
2.664400000e+00	100
2.664500000e+00	100
2.664600000e+00	99
2.664700000e+00	99
2.664800000e+00	100
2.664900000e+00	98
2.665000000e+00	100
2.665100000e+00	100
2.665200000e+00	100
2.665300000e+00	100
2.665400000e+00	100
2.665500000e+00	100
2.665600000e+00	100
2.665700000e+00	100
2.665800000e+00	100
2.665900000e+00	100
2.666000000e+00	100
2.666100000e+00	100
2.666200000e+00	100
2.666300000e+00	100
2.666400000e+00	98
2.666500000e+00	100
2.666600000e+00	100
2.666700000e+00	100
2.666800000e+00	100
2.666900000e+00	100
2.667000000e+00	100
2.667100000e+00	100
2.667200000e+00	100
2.667300000e+00	99
2.667400000e+00	100
2.667500000e+00	100
2.667600000e+00	100
2.667700000e+00	100
2.667800000e+00	99
2.667900000e+00	100
2.668000000e+00	100
2.668100000e+00	100
2.668200000e+00	100
2.668300000e+00	100
2.668400000e+00	100
2.668500000e+00	99
2.668600000e+00	100
2.668700000e+00	98
2.668800000e+00	100
2.668900000e+00	100
2.669000000e+00	100
2.669100000e+00	100
2.669200000e+00	100
2.669300000e+00	100
2.669400000e+00	100
2.669500000e+00	100
2.669600000e+00	99
2.669700000e+00	100
2.669800000e+00	98
2.669900000e+00	100
2.670000000e+00	100
2.670100000e+00	99
2.670200000e+00	100
2.670300000e+00	100
2.670400000e+00	100
2.670500000e+00	100
2.670600000e+00	100
2.670700000e+00	100
2.670800000e+00	100
2.670900000e+00	100
2.671000000e+00	96
2.671100000e+00	100
2.671200000e+00	99
2.671300000e+00	100
2.671400000e+00	100
2.671500000e+00	100
2.671600000e+00	99
2.671700000e+00	100
2.671800000e+00	100
2.671900000e+00	96
2.672000000e+00	100
2.672100000e+00	100
2.672200000e+00	100
2.672300000e+00	100
2.672400000e+00	99
2.672500000e+00	100
2.672600000e+00	100
2.672700000e+00	98
2.672800000e+00	98
2.672900000e+00	100
2.673000000e+00	99
2.673100000e+00	100
2.673200000e+00	100
2.673300000e+00	99
2.673400000e+00	100
2.673500000e+00	100
2.673600000e+00	100
2.673700000e+00	100
2.673800000e+00	100
2.673900000e+00	100
2.674000000e+00	100
2.674100000e+00	100
2.674200000e+00	100
2.674300000e+00	100
2.674400000e+00	99
2.674500000e+00	100
2.674600000e+00	100
2.674700000e+00	100
2.674800000e+00	100
2.674900000e+00	100
2.675000000e+00	100
2.675100000e+00	100
2.675200000e+00	100
2.675300000e+00	100
2.675400000e+00	100
2.675500000e+00	99
2.675600000e+00	100
2.675700000e+00	100
2.675800000e+00	100
2.675900000e+00	100
2.676000000e+00	100
2.676100000e+00	100
2.676200000e+00	100
2.676300000e+00	100
2.676400000e+00	100
2.676500000e+00	100
2.676600000e+00	100
2.676700000e+00	100
2.676800000e+00	100
2.676900000e+00	100
2.677000000e+00	100
2.677100000e+00	99
2.677200000e+00	100
2.677300000e+00	100
2.677400000e+00	100
2.677500000e+00	99
2.677600000e+00	100
2.677700000e+00	100
2.677800000e+00	100
2.677900000e+00	100
2.678000000e+00	100
2.678100000e+00	100
2.678200000e+00	100
2.678300000e+00	100
2.678400000e+00	98
2.678500000e+00	100
2.678600000e+00	100
2.678700000e+00	100
2.678800000e+00	100
2.678900000e+00	100
2.679000000e+00	100
2.679100000e+00	100
2.679200000e+00	100
2.679300000e+00	100
2.679400000e+00	100
2.679500000e+00	100
2.679600000e+00	100
2.679700000e+00	99
2.679800000e+00	100
2.679900000e+00	100
2.680000000e+00	100
2.680100000e+00	99
2.680200000e+00	100
2.680300000e+00	100
2.680400000e+00	100
2.680500000e+00	100
2.680600000e+00	100
2.680700000e+00	100
2.680800000e+00	100
2.680900000e+00	100
2.681000000e+00	100
2.681100000e+00	100
2.681200000e+00	100
2.681300000e+00	98
2.681400000e+00	100
2.681500000e+00	100
2.681600000e+00	100
2.681700000e+00	99
2.681800000e+00	100
2.681900000e+00	99
2.682000000e+00	100
2.682100000e+00	100
2.682200000e+00	100
2.682300000e+00	100
2.682400000e+00	100
2.682500000e+00	100
2.682600000e+00	100
2.682700000e+00	100
2.682800000e+00	100
2.682900000e+00	100
2.683000000e+00	99
2.683100000e+00	100
2.683200000e+00	100
2.683300000e+00	99
2.683400000e+00	98
2.683500000e+00	100
2.683600000e+00	100
2.683700000e+00	100
2.683800000e+00	100
2.683900000e+00	100
2.684000000e+00	100
2.684100000e+00	100
2.684200000e+00	98
2.684300000e+00	100
2.684400000e+00	100
2.684500000e+00	100
2.684600000e+00	100
2.684700000e+00	100
2.684800000e+00	99
2.684900000e+00	100
2.685000000e+00	100
2.685100000e+00	99
2.685200000e+00	100
2.685300000e+00	100
2.685400000e+00	100
2.685500000e+00	100
2.685600000e+00	100
2.685700000e+00	99
2.685800000e+00	100
2.685900000e+00	98
2.686000000e+00	100
2.686100000e+00	100
2.686200000e+00	100
2.686300000e+00	100
2.686400000e+00	100
2.686500000e+00	100
2.686600000e+00	100
2.686700000e+00	100
2.686800000e+00	100
2.686900000e+00	100
2.687000000e+00	100
2.687100000e+00	100
2.687200000e+00	100
2.687300000e+00	97
2.687400000e+00	100
2.687500000e+00	100
2.687600000e+00	100
2.687700000e+00	100
2.687800000e+00	100
2.687900000e+00	100
2.688000000e+00	100
2.688100000e+00	100
2.688200000e+00	100
2.688300000e+00	98
2.688400000e+00	100
2.688500000e+00	100
2.688600000e+00	100
2.688700000e+00	99
2.688800000e+00	100
2.688900000e+00	100
2.689000000e+00	100
2.689100000e+00	100
2.689200000e+00	98
2.689300000e+00	100
2.689400000e+00	99
2.689500000e+00	100
2.689600000e+00	100
2.689700000e+00	100
2.689800000e+00	100
2.689900000e+00	100
2.690000000e+00	99
2.690100000e+00	100
2.690200000e+00	100
2.690300000e+00	100
2.690400000e+00	100
2.690500000e+00	100
2.690600000e+00	100
2.690700000e+00	100
2.690800000e+00	100
2.690900000e+00	100
2.691000000e+00	100
2.691100000e+00	100
2.691200000e+00	100
2.691300000e+00	99
2.691400000e+00	100
2.691500000e+00	100
2.691600000e+00	100
2.691700000e+00	100
2.691800000e+00	100
2.691900000e+00	100
2.692000000e+00	100
2.692100000e+00	100
2.692200000e+00	100
2.692300000e+00	100
2.692400000e+00	100
2.692500000e+00	100
2.692600000e+00	100
2.692700000e+00	100
2.692800000e+00	100
2.692900000e+00	100
2.693000000e+00	100
2.693100000e+00	100
2.693200000e+00	100
2.693300000e+00	100
2.693400000e+00	100
2.693500000e+00	100
2.693600000e+00	100
2.693700000e+00	100
2.693800000e+00	100
2.693900000e+00	99
2.694000000e+00	96
2.694100000e+00	100
2.694200000e+00	100
2.694300000e+00	100
2.694400000e+00	100
2.694500000e+00	100
2.694600000e+00	100
2.694700000e+00	100
2.694800000e+00	100
2.694900000e+00	100
2.695000000e+00	100
2.695100000e+00	100
2.695200000e+00	100
2.695300000e+00	100
2.695400000e+00	100
2.695500000e+00	100
2.695600000e+00	100
2.695700000e+00	100
2.695800000e+00	100
2.695900000e+00	100
2.696000000e+00	100
2.696100000e+00	100
2.696200000e+00	100
2.696300000e+00	100
2.696400000e+00	100
2.696500000e+00	100
2.696600000e+00	100
2.696700000e+00	99
2.696800000e+00	100
2.696900000e+00	100
2.697000000e+00	100
2.697100000e+00	100
2.697200000e+00	100
2.697300000e+00	99
2.697400000e+00	100
2.697500000e+00	100
2.697600000e+00	100
2.697700000e+00	100
2.697800000e+00	100
2.697900000e+00	100
2.698000000e+00	98
2.698100000e+00	100
2.698200000e+00	98
2.698300000e+00	100
2.698400000e+00	100
2.698500000e+00	100
2.698600000e+00	100
2.698700000e+00	100
2.698800000e+00	99
2.698900000e+00	100
2.699000000e+00	100
2.699100000e+00	100
2.699200000e+00	100
2.699300000e+00	6
2.699400000e+00	100
2.699500000e+00	97
2.699600000e+00	100
2.699700000e+00	100
2.699800000e+00	100
2.699900000e+00	100
2.700000000e+00	100
2.700100000e+00	97
2.700200000e+00	100
2.700300000e+00	100
2.700400000e+00	100
2.700500000e+00	99
2.700600000e+00	100
2.700700000e+00	100
2.700800000e+00	100
2.700900000e+00	100
2.701000000e+00	96
2.701100000e+00	100
2.701200000e+00	100
2.701300000e+00	100
2.701400000e+00	100
2.701500000e+00	100
2.701600000e+00	100
2.701700000e+00	100
2.701800000e+00	99
2.701900000e+00	100
2.702000000e+00	100
2.702100000e+00	100
2.702200000e+00	99
2.702300000e+00	100
2.702400000e+00	100
2.702500000e+00	99
2.702600000e+00	100
2.702700000e+00	100
2.702800000e+00	100
2.702900000e+00	99
2.703000000e+00	100
2.703100000e+00	100
2.703200000e+00	100
2.703300000e+00	100
2.703400000e+00	100
2.703500000e+00	100
2.703600000e+00	100
2.703700000e+00	100
2.703800000e+00	98
2.703900000e+00	100
2.704000000e+00	100
2.704100000e+00	100
2.704200000e+00	98
2.704300000e+00	100
2.704400000e+00	96
2.704500000e+00	100
2.704600000e+00	100
2.704700000e+00	100
2.704800000e+00	100
2.704900000e+00	100
2.705000000e+00	100
2.705100000e+00	100
2.705200000e+00	100
2.705300000e+00	100
2.705400000e+00	100
2.705500000e+00	99
2.705600000e+00	100
2.705700000e+00	100
2.705800000e+00	100
2.705900000e+00	100
2.706000000e+00	100
2.706100000e+00	100
2.706200000e+00	100
2.706300000e+00	100
2.706400000e+00	99
2.706500000e+00	100
2.706600000e+00	100
2.706700000e+00	100
2.706800000e+00	100
2.706900000e+00	100
2.707000000e+00	100
2.707100000e+00	100
2.707200000e+00	100
2.707300000e+00	100
2.707400000e+00	100
2.707500000e+00	100
2.707600000e+00	100
2.707700000e+00	100
2.707800000e+00	100
2.707900000e+00	100
2.708000000e+00	100
2.708100000e+00	99
2.708200000e+00	99
2.708300000e+00	100
2.708400000e+00	100
2.708500000e+00	100
2.708600000e+00	100
2.708700000e+00	99
2.708800000e+00	100
2.708900000e+00	100
2.709000000e+00	100
2.709100000e+00	100
2.709200000e+00	100
2.709300000e+00	96
2.709400000e+00	100
2.709500000e+00	100
2.709600000e+00	100
2.709700000e+00	100
2.709800000e+00	100
2.709900000e+00	100
2.710000000e+00	100
2.710100000e+00	100
2.710200000e+00	100
2.710300000e+00	100
2.710400000e+00	100
2.710500000e+00	100
2.710600000e+00	100
2.710700000e+00	100
2.710800000e+00	100
2.710900000e+00	100
2.711000000e+00	99
2.711100000e+00	98
2.711200000e+00	100
2.711300000e+00	100
2.711400000e+00	100
2.711500000e+00	100
2.711600000e+00	100
2.711700000e+00	100
2.711800000e+00	100
2.711900000e+00	100
2.712000000e+00	100
2.712100000e+00	100
2.712200000e+00	100
2.712300000e+00	100
2.712400000e+00	100
2.712500000e+00	100
2.712600000e+00	100
2.712700000e+00	100
2.712800000e+00	100
2.712900000e+00	100
2.713000000e+00	100
2.713100000e+00	100
2.713200000e+00	99
2.713300000e+00	100
2.713400000e+00	100
2.713500000e+00	100
2.713600000e+00	100
2.713700000e+00	100
2.713800000e+00	100
2.713900000e+00	100
2.714000000e+00	100
2.714100000e+00	100
2.714200000e+00	100
2.714300000e+00	100
2.714400000e+00	100
2.714500000e+00	100
2.714600000e+00	100
2.714700000e+00	100
2.714800000e+00	100
2.714900000e+00	100
2.715000000e+00	100
2.715100000e+00	100
2.715200000e+00	100
2.715300000e+00	100
2.715400000e+00	100
2.715500000e+00	100
2.715600000e+00	100
2.715700000e+00	100
2.715800000e+00	100
2.715900000e+00	100
2.716000000e+00	100
2.716100000e+00	100
2.716200000e+00	100
2.716300000e+00	100
2.716400000e+00	98
2.716500000e+00	100
2.716600000e+00	99
2.716700000e+00	100
2.716800000e+00	100
2.716900000e+00	100
2.717000000e+00	100
2.717100000e+00	100
2.717200000e+00	100
2.717300000e+00	100
2.717400000e+00	100
2.717500000e+00	100
2.717600000e+00	100
2.717700000e+00	100
2.717800000e+00	100
2.717900000e+00	100
2.718000000e+00	100
2.718100000e+00	100
2.718200000e+00	100
2.718300000e+00	100
2.718400000e+00	100
2.718500000e+00	100
2.718600000e+00	100
2.718700000e+00	100
2.718800000e+00	100
2.718900000e+00	100
2.719000000e+00	100
2.719100000e+00	100
2.719200000e+00	100
2.719300000e+00	100
2.719400000e+00	100
2.719500000e+00	99
2.719600000e+00	100
2.719700000e+00	100
2.719800000e+00	100
2.719900000e+00	100
2.720000000e+00	100
2.720100000e+00	100
2.720200000e+00	100
2.720300000e+00	100
2.720400000e+00	100
2.720500000e+00	99
2.720600000e+00	100
2.720700000e+00	100
2.720800000e+00	100
2.720900000e+00	100
2.721000000e+00	100
2.721100000e+00	100
2.721200000e+00	100
2.721300000e+00	100
2.721400000e+00	100
2.721500000e+00	100
2.721600000e+00	100
2.721700000e+00	100
2.721800000e+00	100
2.721900000e+00	100
2.722000000e+00	100
2.722100000e+00	99
2.722200000e+00	98
2.722300000e+00	100
2.722400000e+00	100
2.722500000e+00	100
2.722600000e+00	100
2.722700000e+00	100
2.722800000e+00	100
2.722900000e+00	100
2.723000000e+00	100
2.723100000e+00	100
2.723200000e+00	100
2.723300000e+00	98
2.723400000e+00	100
2.723500000e+00	99
2.723600000e+00	100
2.723700000e+00	99
2.723800000e+00	100
2.723900000e+00	100
2.724000000e+00	100
2.724100000e+00	100
2.724200000e+00	100
2.724300000e+00	100
2.724400000e+00	100
2.724500000e+00	100
2.724600000e+00	100
2.724700000e+00	100
2.724800000e+00	100
2.724900000e+00	100
2.725000000e+00	100
2.725100000e+00	100
2.725200000e+00	100
2.725300000e+00	100
2.725400000e+00	100
2.725500000e+00	99
2.725600000e+00	100
2.725700000e+00	99
2.725800000e+00	100
2.725900000e+00	100
2.726000000e+00	100
2.726100000e+00	100
2.726200000e+00	100
2.726300000e+00	100
2.726400000e+00	100
2.726500000e+00	100
2.726600000e+00	100
2.726700000e+00	100
2.726800000e+00	100
2.726900000e+00	99
2.727000000e+00	100
2.727100000e+00	99
2.727200000e+00	100
2.727300000e+00	100
2.727400000e+00	100
2.727500000e+00	100
2.727600000e+00	100
2.727700000e+00	100
2.727800000e+00	3
2.727900000e+00	100
2.728000000e+00	100
2.728100000e+00	100
2.728200000e+00	100
2.728300000e+00	100
2.728400000e+00	100
2.728500000e+00	100
2.728600000e+00	99
2.728700000e+00	100
2.728800000e+00	100
2.728900000e+00	100
2.729000000e+00	99
2.729100000e+00	99
2.729200000e+00	100
2.729300000e+00	100
2.729400000e+00	99
2.729500000e+00	100
2.729600000e+00	100
2.729700000e+00	100
2.729800000e+00	99
2.729900000e+00	100
2.730000000e+00	100
2.730100000e+00	100
2.730200000e+00	100
2.730300000e+00	100
2.730400000e+00	100
2.730500000e+00	100
2.730600000e+00	100
2.730700000e+00	100
2.730800000e+00	100
2.730900000e+00	100
2.731000000e+00	100
2.731100000e+00	100
2.731200000e+00	100
2.731300000e+00	100
2.731400000e+00	100
2.731500000e+00	98
2.731600000e+00	100
2.731700000e+00	99
2.731800000e+00	100
2.731900000e+00	100
2.732000000e+00	100
2.732100000e+00	100
2.732200000e+00	98
2.732300000e+00	100
2.732400000e+00	100
2.732500000e+00	100
2.732600000e+00	100
2.732700000e+00	100
2.732800000e+00	100
2.732900000e+00	100
2.733000000e+00	100
2.733100000e+00	100
2.733200000e+00	100
2.733300000e+00	100
2.733400000e+00	100
2.733500000e+00	99
2.733600000e+00	100
2.733700000e+00	99
2.733800000e+00	100
2.733900000e+00	100
2.734000000e+00	100
2.734100000e+00	100
2.734200000e+00	100
2.734300000e+00	100
2.734400000e+00	100
2.734500000e+00	99
2.734600000e+00	100
2.734700000e+00	100
2.734800000e+00	100
2.734900000e+00	100
2.735000000e+00	99
2.735100000e+00	100
2.735200000e+00	100
2.735300000e+00	100
2.735400000e+00	98
2.735500000e+00	99
2.735600000e+00	100
2.735700000e+00	100
2.735800000e+00	100
2.735900000e+00	99
2.736000000e+00	100
2.736100000e+00	100
2.736200000e+00	100
2.736300000e+00	100
2.736400000e+00	100
2.736500000e+00	99
2.736600000e+00	99
2.736700000e+00	100
2.736800000e+00	100
2.736900000e+00	100
2.737000000e+00	100
2.737100000e+00	100
2.737200000e+00	100
2.737300000e+00	100
2.737400000e+00	98
2.737500000e+00	100
2.737600000e+00	100
2.737700000e+00	100
2.737800000e+00	99
2.737900000e+00	100
2.738000000e+00	100
2.738100000e+00	100
2.738200000e+00	99
2.738300000e+00	100
2.738400000e+00	100
2.738500000e+00	100
2.738600000e+00	100
2.738700000e+00	100
2.738800000e+00	100
2.738900000e+00	100
2.739000000e+00	100
2.739100000e+00	100
2.739200000e+00	100
2.739300000e+00	99
2.739400000e+00	100
2.739500000e+00	100
2.739600000e+00	98
2.739700000e+00	100
2.739800000e+00	100
2.739900000e+00	100
2.740000000e+00	100
2.740100000e+00	100
2.740200000e+00	100
2.740300000e+00	100
2.740400000e+00	100
2.740500000e+00	100
2.740600000e+00	100
2.740700000e+00	100
2.740800000e+00	100
2.740900000e+00	100
2.741000000e+00	100
2.741100000e+00	100
2.741200000e+00	100
2.741300000e+00	100
2.741400000e+00	100
2.741500000e+00	99
2.741600000e+00	100
2.741700000e+00	100
2.741800000e+00	100
2.741900000e+00	100
2.742000000e+00	100
2.742100000e+00	100
2.742200000e+00	99
2.742300000e+00	100
2.742400000e+00	100
2.742500000e+00	100
2.742600000e+00	100
2.742700000e+00	100
2.742800000e+00	100
2.742900000e+00	100
2.743000000e+00	100
2.743100000e+00	100
2.743200000e+00	100
2.743300000e+00	100
2.743400000e+00	100
2.743500000e+00	100
2.743600000e+00	100
2.743700000e+00	100
2.743800000e+00	100
2.743900000e+00	100
2.744000000e+00	100
2.744100000e+00	100
2.744200000e+00	100
2.744300000e+00	100
2.744400000e+00	100
2.744500000e+00	100
2.744600000e+00	100
2.744700000e+00	100
2.744800000e+00	100
2.744900000e+00	100
2.745000000e+00	100
2.745100000e+00	100
2.745200000e+00	100
2.745300000e+00	99
2.745400000e+00	100
2.745500000e+00	100
2.745600000e+00	100
2.745700000e+00	100
2.745800000e+00	100
2.745900000e+00	100
2.746000000e+00	100
2.746100000e+00	100
2.746200000e+00	100
2.746300000e+00	100
2.746400000e+00	100
2.746500000e+00	100
2.746600000e+00	100
2.746700000e+00	100
2.746800000e+00	100
2.746900000e+00	100
2.747000000e+00	98
2.747100000e+00	100
2.747200000e+00	100
2.747300000e+00	95
2.747400000e+00	100
2.747500000e+00	100
2.747600000e+00	100
2.747700000e+00	100
2.747800000e+00	100
2.747900000e+00	99
2.748000000e+00	100
2.748100000e+00	100
2.748200000e+00	100
2.748300000e+00	100
2.748400000e+00	100
2.748500000e+00	100
2.748600000e+00	100
2.748700000e+00	100
2.748800000e+00	100
2.748900000e+00	100
2.749000000e+00	100
2.749100000e+00	100
2.749200000e+00	100
2.749300000e+00	100
2.749400000e+00	100
2.749500000e+00	99
2.749600000e+00	100
2.749700000e+00	100
2.749800000e+00	100
2.749900000e+00	100
2.750000000e+00	100
2.750100000e+00	100
2.750200000e+00	100
2.750300000e+00	100
2.750400000e+00	100
2.750500000e+00	6
2.750600000e+00	100
2.750700000e+00	100
2.750800000e+00	100
2.750900000e+00	98
2.751000000e+00	100
2.751100000e+00	100
2.751200000e+00	100
2.751300000e+00	100
2.751400000e+00	100
2.751500000e+00	100
2.751600000e+00	100
2.751700000e+00	100
2.751800000e+00	100
2.751900000e+00	100
2.752000000e+00	99
2.752100000e+00	100
2.752200000e+00	98
2.752300000e+00	100
2.752400000e+00	100
2.752500000e+00	100
2.752600000e+00	100
2.752700000e+00	100
2.752800000e+00	100
2.752900000e+00	100
2.753000000e+00	100
2.753100000e+00	100
2.753200000e+00	100
2.753300000e+00	100
2.753400000e+00	100
2.753500000e+00	100
2.753600000e+00	100
2.753700000e+00	99
2.753800000e+00	100
2.753900000e+00	100
2.754000000e+00	100
2.754100000e+00	100
2.754200000e+00	100
2.754300000e+00	98
2.754400000e+00	100
2.754500000e+00	100
2.754600000e+00	100
2.754700000e+00	100
2.754800000e+00	100
2.754900000e+00	100
2.755000000e+00	100
2.755100000e+00	100
2.755200000e+00	100
2.755300000e+00	100
2.755400000e+00	100
2.755500000e+00	100
2.755600000e+00	100
2.755700000e+00	100
2.755800000e+00	100
2.755900000e+00	100
2.756000000e+00	100
2.756100000e+00	100
2.756200000e+00	100
2.756300000e+00	99
2.756400000e+00	100
2.756500000e+00	100
2.756600000e+00	100
2.756700000e+00	100
2.756800000e+00	100
2.756900000e+00	100
2.757000000e+00	100
2.757100000e+00	100
2.757200000e+00	100
2.757300000e+00	100
2.757400000e+00	100
2.757500000e+00	100
2.757600000e+00	100
2.757700000e+00	100
2.757800000e+00	100
2.757900000e+00	100
2.758000000e+00	100
2.758100000e+00	100
2.758200000e+00	99
2.758300000e+00	99
2.758400000e+00	100
2.758500000e+00	100
2.758600000e+00	100
2.758700000e+00	100
2.758800000e+00	100
2.758900000e+00	100
2.759000000e+00	100
2.759100000e+00	100
2.759200000e+00	100
2.759300000e+00	100
2.759400000e+00	100
2.759500000e+00	100
2.759600000e+00	100
2.759700000e+00	100
2.759800000e+00	99
2.759900000e+00	100
2.760000000e+00	100
2.760100000e+00	99
2.760200000e+00	100
2.760300000e+00	93
2.760400000e+00	100
2.760500000e+00	100
2.760600000e+00	100
2.760700000e+00	100
2.760800000e+00	100
2.760900000e+00	100
2.761000000e+00	100
2.761100000e+00	100
2.761200000e+00	100
2.761300000e+00	100
2.761400000e+00	100
2.761500000e+00	100
2.761600000e+00	100
2.761700000e+00	100
2.761800000e+00	100
2.761900000e+00	100
2.762000000e+00	100
2.762100000e+00	100
2.762200000e+00	100
2.762300000e+00	100
2.762400000e+00	98
2.762500000e+00	100
2.762600000e+00	100
2.762700000e+00	100
2.762800000e+00	100
2.762900000e+00	98
2.763000000e+00	100
2.763100000e+00	100
2.763200000e+00	100
2.763300000e+00	100
2.763400000e+00	100
2.763500000e+00	100
2.763600000e+00	100
2.763700000e+00	100
2.763800000e+00	100
2.763900000e+00	100
2.764000000e+00	100
2.764100000e+00	100
2.764200000e+00	100
2.764300000e+00	100
2.764400000e+00	100
2.764500000e+00	100
2.764600000e+00	100
2.764700000e+00	100
2.764800000e+00	100
2.764900000e+00	100
2.765000000e+00	100
2.765100000e+00	100
2.765200000e+00	100
2.765300000e+00	100
2.765400000e+00	100
2.765500000e+00	100
2.765600000e+00	100
2.765700000e+00	100
2.765800000e+00	100
2.765900000e+00	100
2.766000000e+00	100
2.766100000e+00	100
2.766200000e+00	100
2.766300000e+00	99
2.766400000e+00	100
2.766500000e+00	100
2.766600000e+00	100
2.766700000e+00	98
2.766800000e+00	100
2.766900000e+00	100
2.767000000e+00	100
2.767100000e+00	100
2.767200000e+00	100
2.767300000e+00	100
2.767400000e+00	100
2.767500000e+00	100
2.767600000e+00	100
2.767700000e+00	100
2.767800000e+00	100
2.767900000e+00	100
2.768000000e+00	100
2.768100000e+00	100
2.768200000e+00	100
2.768300000e+00	100
2.768400000e+00	100
2.768500000e+00	100
2.768600000e+00	100
2.768700000e+00	99
2.768800000e+00	99
2.768900000e+00	100
2.769000000e+00	100
2.769100000e+00	100
2.769200000e+00	100
2.769300000e+00	99
2.769400000e+00	100
2.769500000e+00	100
2.769600000e+00	100
2.769700000e+00	100
2.769800000e+00	100
2.769900000e+00	99
2.770000000e+00	100
2.770100000e+00	100
2.770200000e+00	100
2.770300000e+00	100
2.770400000e+00	100
2.770500000e+00	100
2.770600000e+00	100
2.770700000e+00	100
2.770800000e+00	100
2.770900000e+00	100
2.771000000e+00	100
2.771100000e+00	100
2.771200000e+00	100
2.771300000e+00	100
2.771400000e+00	100
2.771500000e+00	100
2.771600000e+00	100
2.771700000e+00	100
2.771800000e+00	100
2.771900000e+00	100
2.772000000e+00	100
2.772100000e+00	100
2.772200000e+00	100
2.772300000e+00	98
2.772400000e+00	43
2.772500000e+00	100
2.772600000e+00	99
2.772700000e+00	100
2.772800000e+00	97
2.772900000e+00	99
2.773000000e+00	100
2.773100000e+00	100
2.773200000e+00	100
2.773300000e+00	100
2.773400000e+00	98
2.773500000e+00	100
2.773600000e+00	100
2.773700000e+00	100
2.773800000e+00	100
2.773900000e+00	100
2.774000000e+00	100
2.774100000e+00	100
2.774200000e+00	100
2.774300000e+00	100
2.774400000e+00	100
2.774500000e+00	100
2.774600000e+00	100
2.774700000e+00	100
2.774800000e+00	100
2.774900000e+00	100
2.775000000e+00	98
2.775100000e+00	100
2.775200000e+00	100
2.775300000e+00	99
2.775400000e+00	100
2.775500000e+00	99
2.775600000e+00	100
2.775700000e+00	100
2.775800000e+00	99
2.775900000e+00	100
2.776000000e+00	100
2.776100000e+00	99
2.776200000e+00	100
2.776300000e+00	100
2.776400000e+00	100
2.776500000e+00	98
2.776600000e+00	100
2.776700000e+00	99
2.776800000e+00	100
2.776900000e+00	100
2.777000000e+00	100
2.777100000e+00	100
2.777200000e+00	100
2.777300000e+00	100
2.777400000e+00	100
2.777500000e+00	100
2.777600000e+00	100
2.777700000e+00	100
2.777800000e+00	100
2.777900000e+00	100
2.778000000e+00	100
2.778100000e+00	100
2.778200000e+00	100
2.778300000e+00	100
2.778400000e+00	100
2.778500000e+00	100
2.778600000e+00	100
2.778700000e+00	100
2.778800000e+00	100
2.778900000e+00	100
2.779000000e+00	100
2.779100000e+00	100
2.779200000e+00	97
2.779300000e+00	99
2.779400000e+00	100
2.779500000e+00	99
2.779600000e+00	100
2.779700000e+00	100
2.779800000e+00	99
2.779900000e+00	100
2.780000000e+00	100
2.780100000e+00	100
2.780200000e+00	100
2.780300000e+00	99
2.780400000e+00	99
2.780500000e+00	100
2.780600000e+00	100
2.780700000e+00	100
2.780800000e+00	100
2.780900000e+00	100
2.781000000e+00	100
2.781100000e+00	100
2.781200000e+00	99
2.781300000e+00	100
2.781400000e+00	100
2.781500000e+00	100
2.781600000e+00	100
2.781700000e+00	100
2.781800000e+00	100
2.781900000e+00	99
2.782000000e+00	100
2.782100000e+00	100
2.782200000e+00	100
2.782300000e+00	100
2.782400000e+00	100
2.782500000e+00	100
2.782600000e+00	99
2.782700000e+00	100
2.782800000e+00	100
2.782900000e+00	100
2.783000000e+00	100
2.783100000e+00	99
2.783200000e+00	100
2.783300000e+00	100
2.783400000e+00	100
2.783500000e+00	100
2.783600000e+00	99
2.783700000e+00	100
2.783800000e+00	100
2.783900000e+00	100
2.784000000e+00	100
2.784100000e+00	99
2.784200000e+00	100
2.784300000e+00	100
2.784400000e+00	100
2.784500000e+00	100
2.784600000e+00	100
2.784700000e+00	100
2.784800000e+00	100
2.784900000e+00	100
2.785000000e+00	100
2.785100000e+00	100
2.785200000e+00	100
2.785300000e+00	100
2.785400000e+00	100
2.785500000e+00	100
2.785600000e+00	100
2.785700000e+00	99
2.785800000e+00	100
2.785900000e+00	100
2.786000000e+00	100
2.786100000e+00	100
2.786200000e+00	100
2.786300000e+00	100
2.786400000e+00	100
2.786500000e+00	100
2.786600000e+00	99
2.786700000e+00	100
2.786800000e+00	100
2.786900000e+00	100
2.787000000e+00	100
2.787100000e+00	100
2.787200000e+00	100
2.787300000e+00	100
2.787400000e+00	100
2.787500000e+00	100
2.787600000e+00	99
2.787700000e+00	100
2.787800000e+00	99
2.787900000e+00	100
2.788000000e+00	100
2.788100000e+00	100
2.788200000e+00	100
2.788300000e+00	100
2.788400000e+00	99
2.788500000e+00	100
2.788600000e+00	100
2.788700000e+00	100
2.788800000e+00	100
2.788900000e+00	100
2.789000000e+00	100
2.789100000e+00	100
2.789200000e+00	100
2.789300000e+00	100
2.789400000e+00	99
2.789500000e+00	100
2.789600000e+00	100
2.789700000e+00	100
2.789800000e+00	100
2.789900000e+00	100
2.790000000e+00	100
2.790100000e+00	100
2.790200000e+00	100
2.790300000e+00	100
2.790400000e+00	100
2.790500000e+00	100
2.790600000e+00	100
2.790700000e+00	99
2.790800000e+00	100
2.790900000e+00	98
2.791000000e+00	100
2.791100000e+00	100
2.791200000e+00	100
2.791300000e+00	100
2.791400000e+00	100
2.791500000e+00	100
2.791600000e+00	100
2.791700000e+00	100
2.791800000e+00	100
2.791900000e+00	100
2.792000000e+00	100
2.792100000e+00	100
2.792200000e+00	100
2.792300000e+00	100
2.792400000e+00	100
2.792500000e+00	100
2.792600000e+00	100
2.792700000e+00	100
2.792800000e+00	100
2.792900000e+00	100
2.793000000e+00	100
2.793100000e+00	100
2.793200000e+00	100
2.793300000e+00	100
2.793400000e+00	100
2.793500000e+00	100
2.793600000e+00	100
2.793700000e+00	100
2.793800000e+00	100
2.793900000e+00	100
2.794000000e+00	99
2.794100000e+00	100
2.794200000e+00	100
2.794300000e+00	100
2.794400000e+00	100
2.794500000e+00	100
2.794600000e+00	100
2.794700000e+00	100
2.794800000e+00	100
2.794900000e+00	100
2.795000000e+00	100
2.795100000e+00	100
2.795200000e+00	98
2.795300000e+00	100
2.795400000e+00	100
2.795500000e+00	100
2.795600000e+00	100
2.795700000e+00	100
2.795800000e+00	100
2.795900000e+00	100
2.796000000e+00	100
2.796100000e+00	100
2.796200000e+00	100
2.796300000e+00	100
2.796400000e+00	100
2.796500000e+00	100
2.796600000e+00	100
2.796700000e+00	100
2.796800000e+00	100
2.796900000e+00	100
2.797000000e+00	100
2.797100000e+00	100
2.797200000e+00	100
2.797300000e+00	100
2.797400000e+00	100
2.797500000e+00	99
2.797600000e+00	100
2.797700000e+00	100
2.797800000e+00	100
2.797900000e+00	100
2.798000000e+00	100
2.798100000e+00	100
2.798200000e+00	98
2.798300000e+00	100
2.798400000e+00	100
2.798500000e+00	100
2.798600000e+00	100
2.798700000e+00	100
2.798800000e+00	100
2.798900000e+00	100
2.799000000e+00	100
2.799100000e+00	100
2.799200000e+00	100
2.799300000e+00	100
2.799400000e+00	100
2.799500000e+00	99
2.799600000e+00	6
2.799700000e+00	11
2.799800000e+00	100
2.799900000e+00	100
2.800000000e+00	100
2.800100000e+00	100
2.800200000e+00	100
2.800300000e+00	100
2.800400000e+00	99
2.800500000e+00	99
2.800600000e+00	100
2.800700000e+00	100
2.800800000e+00	100
2.800900000e+00	100
2.801000000e+00	100
2.801100000e+00	100
2.801200000e+00	100
2.801300000e+00	100
2.801400000e+00	100
2.801500000e+00	100
2.801600000e+00	100
2.801700000e+00	100
2.801800000e+00	100
2.801900000e+00	100
2.802000000e+00	100
2.802100000e+00	100
2.802200000e+00	98
2.802300000e+00	100
2.802400000e+00	100
2.802500000e+00	100
2.802600000e+00	100
2.802700000e+00	100
2.802800000e+00	99
2.802900000e+00	100
2.803000000e+00	100
2.803100000e+00	100
2.803200000e+00	100
2.803300000e+00	99
2.803400000e+00	100
2.803500000e+00	100
2.803600000e+00	100
2.803700000e+00	100
2.803800000e+00	100
2.803900000e+00	99
2.804000000e+00	100
2.804100000e+00	100
2.804200000e+00	100
2.804300000e+00	100
2.804400000e+00	100
2.804500000e+00	99
2.804600000e+00	100
2.804700000e+00	100
2.804800000e+00	100
2.804900000e+00	100
2.805000000e+00	100
2.805100000e+00	100
2.805200000e+00	100
2.805300000e+00	100
2.805400000e+00	100
2.805500000e+00	100
2.805600000e+00	100
2.805700000e+00	100
2.805800000e+00	100
2.805900000e+00	100
2.806000000e+00	100
2.806100000e+00	100
2.806200000e+00	100
2.806300000e+00	100
2.806400000e+00	100
2.806500000e+00	100
2.806600000e+00	99
2.806700000e+00	100
2.806800000e+00	100
2.806900000e+00	100
2.807000000e+00	99
2.807100000e+00	100
2.807200000e+00	100
2.807300000e+00	100
2.807400000e+00	100
2.807500000e+00	100
2.807600000e+00	100
2.807700000e+00	99
2.807800000e+00	100
2.807900000e+00	100
2.808000000e+00	100
2.808100000e+00	100
2.808200000e+00	100
2.808300000e+00	100
2.808400000e+00	97
2.808500000e+00	100
2.808600000e+00	100
2.808700000e+00	100
2.808800000e+00	100
2.808900000e+00	100
2.809000000e+00	100
2.809100000e+00	100
2.809200000e+00	100
2.809300000e+00	100
2.809400000e+00	99
2.809500000e+00	100
2.809600000e+00	98
2.809700000e+00	100
2.809800000e+00	100
2.809900000e+00	100
2.810000000e+00	100
2.810100000e+00	100
2.810200000e+00	100
2.810300000e+00	100
2.810400000e+00	100
2.810500000e+00	100
2.810600000e+00	100
2.810700000e+00	100
2.810800000e+00	99
2.810900000e+00	99
2.811000000e+00	100
2.811100000e+00	99
2.811200000e+00	100
2.811300000e+00	100
2.811400000e+00	100
2.811500000e+00	100
2.811600000e+00	100
2.811700000e+00	100
2.811800000e+00	100
2.811900000e+00	100
2.812000000e+00	100
2.812100000e+00	100
2.812200000e+00	100
2.812300000e+00	99
2.812400000e+00	100
2.812500000e+00	100
2.812600000e+00	100
2.812700000e+00	100
2.812800000e+00	100
2.812900000e+00	100
2.813000000e+00	100
2.813100000e+00	100
2.813200000e+00	99
2.813300000e+00	100
2.813400000e+00	100
2.813500000e+00	100
2.813600000e+00	100
2.813700000e+00	100
2.813800000e+00	100
2.813900000e+00	100
2.814000000e+00	100
2.814100000e+00	100
2.814200000e+00	100
2.814300000e+00	100
2.814400000e+00	100
2.814500000e+00	100
2.814600000e+00	99
2.814700000e+00	100
2.814800000e+00	100
2.814900000e+00	100
2.815000000e+00	100
2.815100000e+00	100
2.815200000e+00	99
2.815300000e+00	100
2.815400000e+00	100
2.815500000e+00	100
2.815600000e+00	100
2.815700000e+00	100
2.815800000e+00	100
2.815900000e+00	100
2.816000000e+00	100
2.816100000e+00	100
2.816200000e+00	100
2.816300000e+00	100
2.816400000e+00	100
2.816500000e+00	100
2.816600000e+00	100
2.816700000e+00	100
2.816800000e+00	100
2.816900000e+00	100
2.817000000e+00	100
2.817100000e+00	100
2.817200000e+00	100
2.817300000e+00	100
2.817400000e+00	100
2.817500000e+00	100
2.817600000e+00	100
2.817700000e+00	100
2.817800000e+00	100
2.817900000e+00	98
2.818000000e+00	100
2.818100000e+00	99
2.818200000e+00	100
2.818300000e+00	100
2.818400000e+00	100
2.818500000e+00	100
2.818600000e+00	100
2.818700000e+00	100
2.818800000e+00	100
2.818900000e+00	100
2.819000000e+00	100
2.819100000e+00	100
2.819200000e+00	100
2.819300000e+00	100
2.819400000e+00	100
2.819500000e+00	100
2.819600000e+00	100
2.819700000e+00	100
2.819800000e+00	100
2.819900000e+00	100
2.820000000e+00	100
2.820100000e+00	100
2.820200000e+00	100
2.820300000e+00	98
2.820400000e+00	100
2.820500000e+00	100
2.820600000e+00	100
2.820700000e+00	100
2.820800000e+00	100
2.820900000e+00	100
2.821000000e+00	97
2.821100000e+00	100
2.821200000e+00	100
2.821300000e+00	4
2.821400000e+00	4
2.821500000e+00	4
2.821600000e+00	4
2.821700000e+00	4
2.821800000e+00	4
2.821900000e+00	4
2.822000000e+00	4
2.822100000e+00	4
2.822200000e+00	4
2.822300000e+00	4
2.822400000e+00	4
2.822500000e+00	4
2.822600000e+00	4
2.822700000e+00	4
2.822800000e+00	4
2.822900000e+00	4
2.823000000e+00	4
2.823100000e+00	4
2.823200000e+00	4
2.823300000e+00	8
2.823400000e+00	8
2.823500000e+00	47
2.823600000e+00	12
2.823700000e+00	90
2.823800000e+00	20
2.823900000e+00	94
2.824000000e+00	12
2.824100000e+00	94
2.824200000e+00	85
2.824300000e+00	96
2.824400000e+00	97
2.824500000e+00	98
2.824600000e+00	97
2.824700000e+00	100
2.824800000e+00	98
2.824900000e+00	100
2.825000000e+00	100
2.825100000e+00	100
2.825200000e+00	100
2.825300000e+00	100
2.825400000e+00	100
2.825500000e+00	100
2.825600000e+00	100
2.825700000e+00	100
2.825800000e+00	100
2.825900000e+00	99
2.826000000e+00	100
2.826100000e+00	100
2.826200000e+00	98
2.826300000e+00	100
2.826400000e+00	100
2.826500000e+00	100
2.826600000e+00	100
2.826700000e+00	100
2.826800000e+00	100
2.826900000e+00	100
2.827000000e+00	100
2.827100000e+00	100
2.827200000e+00	100
2.827300000e+00	100
2.827400000e+00	100
2.827500000e+00	100
2.827600000e+00	100
2.827700000e+00	100
2.827800000e+00	99
2.827900000e+00	100
2.828000000e+00	100
2.828100000e+00	100
2.828200000e+00	100
2.828300000e+00	100
2.828400000e+00	100
2.828500000e+00	98
2.828600000e+00	98
2.828700000e+00	100
2.828800000e+00	96
2.828900000e+00	100
2.829000000e+00	100
2.829100000e+00	100
2.829200000e+00	100
2.829300000e+00	100
2.829400000e+00	100
2.829500000e+00	100
2.829600000e+00	100
2.829700000e+00	100
2.829800000e+00	100
2.829900000e+00	99
2.830000000e+00	100
2.830100000e+00	96
2.830200000e+00	100
2.830300000e+00	97
2.830400000e+00	99
2.830500000e+00	100
2.830600000e+00	100
2.830700000e+00	100
2.830800000e+00	100
2.830900000e+00	100
2.831000000e+00	100
2.831100000e+00	100
2.831200000e+00	100
2.831300000e+00	99
2.831400000e+00	99
2.831500000e+00	100
2.831600000e+00	100
2.831700000e+00	100
2.831800000e+00	100
2.831900000e+00	100
2.832000000e+00	100
2.832100000e+00	100
2.832200000e+00	100
2.832300000e+00	99
2.832400000e+00	100
2.832500000e+00	100
2.832600000e+00	100
2.832700000e+00	98
2.832800000e+00	100
2.832900000e+00	100
2.833000000e+00	100
2.833100000e+00	96
2.833200000e+00	100
2.833300000e+00	100
2.833400000e+00	100
2.833500000e+00	100
2.833600000e+00	99
2.833700000e+00	100
2.833800000e+00	99
2.833900000e+00	100
2.834000000e+00	100
2.834100000e+00	100
2.834200000e+00	100
2.834300000e+00	99
2.834400000e+00	99
2.834500000e+00	100
2.834600000e+00	100
2.834700000e+00	100
2.834800000e+00	100
2.834900000e+00	100
2.835000000e+00	100
2.835100000e+00	100
2.835200000e+00	100
2.835300000e+00	99
2.835400000e+00	100
2.835500000e+00	100
2.835600000e+00	100
2.835700000e+00	99
2.835800000e+00	100
2.835900000e+00	100
2.836000000e+00	99
2.836100000e+00	97
2.836200000e+00	100
2.836300000e+00	100
2.836400000e+00	100
2.836500000e+00	100
2.836600000e+00	100
2.836700000e+00	100
2.836800000e+00	100
2.836900000e+00	100
2.837000000e+00	100
2.837100000e+00	100
2.837200000e+00	99
2.837300000e+00	100
2.837400000e+00	100
2.837500000e+00	100
2.837600000e+00	8
2.837700000e+00	100
2.837800000e+00	100
2.837900000e+00	100
2.838000000e+00	100
2.838100000e+00	100
2.838200000e+00	100
2.838300000e+00	100
2.838400000e+00	100
2.838500000e+00	100
2.838600000e+00	100
2.838700000e+00	100
2.838800000e+00	100
2.838900000e+00	100
2.839000000e+00	100
2.839100000e+00	100
2.839200000e+00	99
2.839300000e+00	100
2.839400000e+00	100
2.839500000e+00	100
2.839600000e+00	100
2.839700000e+00	100
2.839800000e+00	100
2.839900000e+00	100
2.840000000e+00	100
2.840100000e+00	100
2.840200000e+00	100
2.840300000e+00	100
2.840400000e+00	100
2.840500000e+00	100
2.840600000e+00	100
2.840700000e+00	100
2.840800000e+00	100
2.840900000e+00	100
2.841000000e+00	100
2.841100000e+00	100
2.841200000e+00	100
2.841300000e+00	100
2.841400000e+00	100
2.841500000e+00	100
2.841600000e+00	100
2.841700000e+00	100
2.841800000e+00	100
2.841900000e+00	100
2.842000000e+00	100
2.842100000e+00	100
2.842200000e+00	100
2.842300000e+00	100
2.842400000e+00	100
2.842500000e+00	100
2.842600000e+00	100
2.842700000e+00	100
2.842800000e+00	100
2.842900000e+00	100
2.843000000e+00	100
2.843100000e+00	100
2.843200000e+00	100
2.843300000e+00	100
2.843400000e+00	100
2.843500000e+00	98
2.843600000e+00	6
2.843700000e+00	68
2.843800000e+00	100
2.843900000e+00	99
2.844000000e+00	100
2.844100000e+00	100
2.844200000e+00	100
2.844300000e+00	100
2.844400000e+00	100
2.844500000e+00	100
2.844600000e+00	100
2.844700000e+00	100
2.844800000e+00	100
2.844900000e+00	100
2.845000000e+00	99
2.845100000e+00	100
2.845200000e+00	100
2.845300000e+00	100
2.845400000e+00	100
2.845500000e+00	99
2.845600000e+00	100
2.845700000e+00	100
2.845800000e+00	100
2.845900000e+00	100
2.846000000e+00	100
2.846100000e+00	100
2.846200000e+00	100
2.846300000e+00	100
2.846400000e+00	99
2.846500000e+00	100
2.846600000e+00	100
2.846700000e+00	100
2.846800000e+00	100
2.846900000e+00	99
2.847000000e+00	100
2.847100000e+00	100
2.847200000e+00	100
2.847300000e+00	100
2.847400000e+00	100
2.847500000e+00	100
2.847600000e+00	100
2.847700000e+00	100
2.847800000e+00	100
2.847900000e+00	100
2.848000000e+00	100
2.848100000e+00	100
2.848200000e+00	98
2.848300000e+00	100
2.848400000e+00	100
2.848500000e+00	99
2.848600000e+00	100
2.848700000e+00	100
2.848800000e+00	100
2.848900000e+00	100
2.849000000e+00	100
2.849100000e+00	99
2.849200000e+00	100
2.849300000e+00	100
2.849400000e+00	100
2.849500000e+00	99
2.849600000e+00	100
2.849700000e+00	100
2.849800000e+00	100
2.849900000e+00	100
2.850000000e+00	100
2.850100000e+00	99
2.850200000e+00	100
2.850300000e+00	100
2.850400000e+00	99
2.850500000e+00	100
2.850600000e+00	100
2.850700000e+00	100
2.850800000e+00	100
2.850900000e+00	100
2.851000000e+00	99
2.851100000e+00	100
2.851200000e+00	100
2.851300000e+00	100
2.851400000e+00	99
2.851500000e+00	100
2.851600000e+00	100
2.851700000e+00	100
2.851800000e+00	100
2.851900000e+00	100
2.852000000e+00	100
2.852100000e+00	100
2.852200000e+00	100
2.852300000e+00	100
2.852400000e+00	100
2.852500000e+00	100
2.852600000e+00	100
2.852700000e+00	100
2.852800000e+00	100
2.852900000e+00	99
2.853000000e+00	100
2.853100000e+00	100
2.853200000e+00	100
2.853300000e+00	100
2.853400000e+00	100
2.853500000e+00	100
2.853600000e+00	100
2.853700000e+00	100
2.853800000e+00	100
2.853900000e+00	100
2.854000000e+00	100
2.854100000e+00	100
2.854200000e+00	100
2.854300000e+00	99
2.854400000e+00	100
2.854500000e+00	100
2.854600000e+00	100
2.854700000e+00	100
2.854800000e+00	100
2.854900000e+00	99
2.855000000e+00	100
2.855100000e+00	100
2.855200000e+00	100
2.855300000e+00	100
2.855400000e+00	100
2.855500000e+00	100
2.855600000e+00	100
2.855700000e+00	100
2.855800000e+00	100
2.855900000e+00	100
2.856000000e+00	100
2.856100000e+00	100
2.856200000e+00	99
2.856300000e+00	100
2.856400000e+00	100
2.856500000e+00	100
2.856600000e+00	100
2.856700000e+00	100
2.856800000e+00	100
2.856900000e+00	100
2.857000000e+00	100
2.857100000e+00	100
2.857200000e+00	100
2.857300000e+00	99
2.857400000e+00	99
2.857500000e+00	99
2.857600000e+00	100
2.857700000e+00	100
2.857800000e+00	100
2.857900000e+00	100
2.858000000e+00	100
2.858100000e+00	99
2.858200000e+00	100
2.858300000e+00	100
2.858400000e+00	100
2.858500000e+00	100
2.858600000e+00	100
2.858700000e+00	100
2.858800000e+00	100
2.858900000e+00	100
2.859000000e+00	100
2.859100000e+00	100
2.859200000e+00	100
2.859300000e+00	100
2.859400000e+00	100
2.859500000e+00	100
2.859600000e+00	100
2.859700000e+00	100
2.859800000e+00	100
2.859900000e+00	100
2.860000000e+00	100
2.860100000e+00	100
2.860200000e+00	100
2.860300000e+00	100
2.860400000e+00	100
2.860500000e+00	100
2.860600000e+00	100
2.860700000e+00	100
2.860800000e+00	100
2.860900000e+00	100
2.861000000e+00	99
2.861100000e+00	100
2.861200000e+00	100
2.861300000e+00	100
2.861400000e+00	100
2.861500000e+00	100
2.861600000e+00	100
2.861700000e+00	100
2.861800000e+00	100
2.861900000e+00	100
2.862000000e+00	100
2.862100000e+00	100
2.862200000e+00	100
2.862300000e+00	100
2.862400000e+00	100
2.862500000e+00	100
2.862600000e+00	100
2.862700000e+00	100
2.862800000e+00	98
2.862900000e+00	99
2.863000000e+00	99
2.863100000e+00	100
2.863200000e+00	100
2.863300000e+00	100
2.863400000e+00	100
2.863500000e+00	100
2.863600000e+00	100
2.863700000e+00	100
2.863800000e+00	100
2.863900000e+00	100
2.864000000e+00	100
2.864100000e+00	99
2.864200000e+00	100
2.864300000e+00	100
2.864400000e+00	100
2.864500000e+00	100
2.864600000e+00	100
2.864700000e+00	100
2.864800000e+00	100
2.864900000e+00	100
2.865000000e+00	100
2.865100000e+00	100
2.865200000e+00	100
2.865300000e+00	100
2.865400000e+00	100
2.865500000e+00	52
2.865600000e+00	100
2.865700000e+00	100
2.865800000e+00	100
2.865900000e+00	100
2.866000000e+00	99
2.866100000e+00	100
2.866200000e+00	100
2.866300000e+00	100
2.866400000e+00	100
2.866500000e+00	100
2.866600000e+00	100
2.866700000e+00	100
2.866800000e+00	100
2.866900000e+00	100
2.867000000e+00	100
2.867100000e+00	100
2.867200000e+00	100
2.867300000e+00	100
2.867400000e+00	100
2.867500000e+00	100
2.867600000e+00	100
2.867700000e+00	100
2.867800000e+00	100
2.867900000e+00	99
2.868000000e+00	100
2.868100000e+00	100
2.868200000e+00	99
2.868300000e+00	100
2.868400000e+00	100
2.868500000e+00	100
2.868600000e+00	100
2.868700000e+00	100
2.868800000e+00	100
2.868900000e+00	100
2.869000000e+00	100
2.869100000e+00	99
2.869200000e+00	100
2.869300000e+00	100
2.869400000e+00	100
2.869500000e+00	100
2.869600000e+00	99
2.869700000e+00	100
2.869800000e+00	100
2.869900000e+00	100
2.870000000e+00	100
2.870100000e+00	100
2.870200000e+00	100
2.870300000e+00	100
2.870400000e+00	100
2.870500000e+00	100
2.870600000e+00	100
2.870700000e+00	100
2.870800000e+00	100
2.870900000e+00	100
2.871000000e+00	100
2.871100000e+00	100
2.871200000e+00	100
2.871300000e+00	100
2.871400000e+00	100
2.871500000e+00	99
2.871600000e+00	100
2.871700000e+00	100
2.871800000e+00	100
2.871900000e+00	100
2.872000000e+00	100
2.872100000e+00	100
2.872200000e+00	100
2.872300000e+00	100
2.872400000e+00	100
2.872500000e+00	100
2.872600000e+00	99
2.872700000e+00	100
2.872800000e+00	99
2.872900000e+00	100
2.873000000e+00	100
2.873100000e+00	100
2.873200000e+00	100
2.873300000e+00	100
2.873400000e+00	100
2.873500000e+00	100
2.873600000e+00	100
2.873700000e+00	100
2.873800000e+00	100
2.873900000e+00	100
2.874000000e+00	100
2.874100000e+00	100
2.874200000e+00	100
2.874300000e+00	100
2.874400000e+00	100
2.874500000e+00	100
2.874600000e+00	100
2.874700000e+00	100
2.874800000e+00	100
2.874900000e+00	100
2.875000000e+00	100
2.875100000e+00	100
2.875200000e+00	100
2.875300000e+00	100
2.875400000e+00	100
2.875500000e+00	100
2.875600000e+00	100
2.875700000e+00	100
2.875800000e+00	100
2.875900000e+00	100
2.876000000e+00	100
2.876100000e+00	99
2.876200000e+00	100
2.876300000e+00	100
2.876400000e+00	100
2.876500000e+00	100
2.876600000e+00	100
2.876700000e+00	100
2.876800000e+00	100
2.876900000e+00	100
2.877000000e+00	100
2.877100000e+00	100
2.877200000e+00	100
2.877300000e+00	99
2.877400000e+00	100
2.877500000e+00	100
2.877600000e+00	100
2.877700000e+00	99
2.877800000e+00	100
2.877900000e+00	100
2.878000000e+00	100
2.878100000e+00	100
2.878200000e+00	100
2.878300000e+00	100
2.878400000e+00	100
2.878500000e+00	100
2.878600000e+00	100
2.878700000e+00	100
2.878800000e+00	100
2.878900000e+00	100
2.879000000e+00	100
2.879100000e+00	100
2.879200000e+00	100
2.879300000e+00	100
2.879400000e+00	100
2.879500000e+00	97
2.879600000e+00	100
2.879700000e+00	100
2.879800000e+00	100
2.879900000e+00	100
2.880000000e+00	100
2.880100000e+00	100
2.880200000e+00	100
2.880300000e+00	100
2.880400000e+00	100
2.880500000e+00	99
2.880600000e+00	42
2.880700000e+00	99
2.880800000e+00	100
2.880900000e+00	100
2.881000000e+00	99
2.881100000e+00	99
2.881200000e+00	100
2.881300000e+00	100
2.881400000e+00	100
2.881500000e+00	100
2.881600000e+00	99
2.881700000e+00	100
2.881800000e+00	100
2.881900000e+00	100
2.882000000e+00	100
2.882100000e+00	100
2.882200000e+00	100
2.882300000e+00	99
2.882400000e+00	100
2.882500000e+00	100
2.882600000e+00	100
2.882700000e+00	100
2.882800000e+00	100
2.882900000e+00	100
2.883000000e+00	99
2.883100000e+00	100
2.883200000e+00	100
2.883300000e+00	99
2.883400000e+00	100
2.883500000e+00	100
2.883600000e+00	100
2.883700000e+00	100
2.883800000e+00	100
2.883900000e+00	100
2.884000000e+00	100
2.884100000e+00	100
2.884200000e+00	100
2.884300000e+00	100
2.884400000e+00	100
2.884500000e+00	100
2.884600000e+00	100
2.884700000e+00	100
2.884800000e+00	100
2.884900000e+00	100
2.885000000e+00	100
2.885100000e+00	100
2.885200000e+00	100
2.885300000e+00	100
2.885400000e+00	100
2.885500000e+00	100
2.885600000e+00	100
2.885700000e+00	100
2.885800000e+00	98
2.885900000e+00	100
2.886000000e+00	100
2.886100000e+00	100
2.886200000e+00	100
2.886300000e+00	100
2.886400000e+00	100
2.886500000e+00	100
2.886600000e+00	100
2.886700000e+00	99
2.886800000e+00	100
2.886900000e+00	100
2.887000000e+00	100
2.887100000e+00	100
2.887200000e+00	100
2.887300000e+00	100
2.887400000e+00	100
2.887500000e+00	100
2.887600000e+00	100
2.887700000e+00	100
2.887800000e+00	99
2.887900000e+00	100
2.888000000e+00	100
2.888100000e+00	99
2.888200000e+00	100
2.888300000e+00	100
2.888400000e+00	100
2.888500000e+00	100
2.888600000e+00	100
2.888700000e+00	100
2.888800000e+00	100
2.888900000e+00	99
2.889000000e+00	100
2.889100000e+00	100
2.889200000e+00	100
2.889300000e+00	100
2.889400000e+00	100
2.889500000e+00	100
2.889600000e+00	100
2.889700000e+00	100
2.889800000e+00	100
2.889900000e+00	100
2.890000000e+00	100
2.890100000e+00	100
2.890200000e+00	100
2.890300000e+00	100
2.890400000e+00	100
2.890500000e+00	99
2.890600000e+00	100
2.890700000e+00	100
2.890800000e+00	100
2.890900000e+00	100
2.891000000e+00	100
2.891100000e+00	100
2.891200000e+00	100
2.891300000e+00	100
2.891400000e+00	100
2.891500000e+00	100
2.891600000e+00	100
2.891700000e+00	100
2.891800000e+00	100
2.891900000e+00	4
2.892000000e+00	100
2.892100000e+00	100
2.892200000e+00	100
2.892300000e+00	100
2.892400000e+00	100
2.892500000e+00	100
2.892600000e+00	100
2.892700000e+00	100
2.892800000e+00	100
2.892900000e+00	100
2.893000000e+00	99
2.893100000e+00	100
2.893200000e+00	100
2.893300000e+00	100
2.893400000e+00	99
2.893500000e+00	100
2.893600000e+00	100
2.893700000e+00	100
2.893800000e+00	100
2.893900000e+00	100
2.894000000e+00	100
2.894100000e+00	100
2.894200000e+00	100
2.894300000e+00	100
2.894400000e+00	100
2.894500000e+00	100
2.894600000e+00	100
2.894700000e+00	100
2.894800000e+00	100
2.894900000e+00	99
2.895000000e+00	100
2.895100000e+00	100
2.895200000e+00	100
2.895300000e+00	100
2.895400000e+00	99
2.895500000e+00	100
2.895600000e+00	100
2.895700000e+00	100
2.895800000e+00	100
2.895900000e+00	100
2.896000000e+00	100
2.896100000e+00	100
2.896200000e+00	100
2.896300000e+00	100
2.896400000e+00	100
2.896500000e+00	100
2.896600000e+00	100
2.896700000e+00	100
2.896800000e+00	100
2.896900000e+00	100
2.897000000e+00	100
2.897100000e+00	100
2.897200000e+00	100
2.897300000e+00	100
2.897400000e+00	100
2.897500000e+00	100
2.897600000e+00	100
2.897700000e+00	100
2.897800000e+00	100
2.897900000e+00	100
2.898000000e+00	100
2.898100000e+00	100
2.898200000e+00	100
2.898300000e+00	100
2.898400000e+00	99
2.898500000e+00	100
2.898600000e+00	100
2.898700000e+00	100
2.898800000e+00	100
2.898900000e+00	100
2.899000000e+00	100
2.899100000e+00	100
2.899200000e+00	100
2.899300000e+00	100
2.899400000e+00	100
2.899500000e+00	100
2.899600000e+00	100
2.899700000e+00	100
2.899800000e+00	100
2.899900000e+00	100
