lambda	class
7.000000000e-01	1
7.000400000e-01	1
7.000800000e-01	1
7.001200000e-01	1
7.001600000e-01	1
7.002000000e-01	1
7.002400000e-01	1
7.002800000e-01	1
7.003200000e-01	1
7.003600000e-01	1
7.004000000e-01	1
7.004400000e-01	1
7.004800000e-01	1
7.005200000e-01	1
7.005600000e-01	1
7.006000000e-01	1
7.006400000e-01	1
7.006800000e-01	1
7.007200000e-01	1
7.007600000e-01	1
7.008000000e-01	1
7.008400000e-01	1
7.008800000e-01	1
7.009200000e-01	1
7.009600000e-01	1
7.010000000e-01	1
7.010400000e-01	1
7.010800000e-01	1
7.011200000e-01	1
7.011600000e-01	1
7.012000000e-01	1
7.012400000e-01	1
7.012800000e-01	1
7.013200000e-01	1
7.013600000e-01	1
7.014000000e-01	1
7.014400000e-01	1
7.014800000e-01	1
7.015200000e-01	1
7.015600000e-01	1
7.016000000e-01	1
7.016400000e-01	1
7.016800000e-01	1
7.017200000e-01	1
7.017600000e-01	1
7.018000000e-01	1
7.018400000e-01	1
7.018800000e-01	1
7.019200000e-01	1
7.019600000e-01	1
7.020000000e-01	1
7.020400000e-01	1
7.020800000e-01	1
7.021200000e-01	1
7.021600000e-01	1
7.022000000e-01	1
7.022400000e-01	1
7.022800000e-01	1
7.023200000e-01	1
7.023600000e-01	1
7.024000000e-01	1
7.024400000e-01	1
7.024800000e-01	1
7.025200000e-01	1
7.025600000e-01	1
7.026000000e-01	1
7.026400000e-01	1
7.026800000e-01	1
7.027200000e-01	1
7.027600000e-01	1
7.028000000e-01	1
7.028400000e-01	1
7.028800000e-01	1
7.029200000e-01	1
7.029600000e-01	1
7.030000000e-01	1
7.030400000e-01	1
7.030800000e-01	1
7.031200000e-01	1
7.031600000e-01	1
7.032000000e-01	1
7.032400000e-01	1
7.032800000e-01	1
7.033200000e-01	1
7.033600000e-01	1
7.034000000e-01	1
7.034400000e-01	1
7.034800000e-01	1
7.035200000e-01	1
7.035600000e-01	1
7.036000000e-01	1
7.036400000e-01	1
7.036800000e-01	1
7.037200000e-01	1
7.037600000e-01	1
7.038000000e-01	1
7.038400000e-01	1
7.038800000e-01	1
7.039200000e-01	1
7.039600000e-01	1
7.040000000e-01	1
7.040400000e-01	1
7.040800000e-01	1
7.041200000e-01	1
7.041600000e-01	1
7.042000000e-01	1
7.042400000e-01	1
7.042800000e-01	1
7.043200000e-01	1
7.043600000e-01	1
7.044000000e-01	1
7.044400000e-01	1
7.044800000e-01	1
7.045200000e-01	1
7.045600000e-01	1
7.046000000e-01	1
7.046400000e-01	1
7.046800000e-01	1
7.047200000e-01	1
7.047600000e-01	1
7.048000000e-01	1
7.048400000e-01	1
7.048800000e-01	1
7.049200000e-01	1
7.049600000e-01	1
7.050000000e-01	1
7.050400000e-01	1
7.050800000e-01	1
7.051200000e-01	1
7.051600000e-01	1
7.052000000e-01	1
7.052400000e-01	1
7.052800000e-01	1
7.053200000e-01	1
7.053600000e-01	1
7.054000000e-01	1
7.054400000e-01	1
7.054800000e-01	1
7.055200000e-01	1
7.055600000e-01	1
7.056000000e-01	1
7.056400000e-01	1
7.056800000e-01	1
7.057200000e-01	1
7.057600000e-01	1
7.058000000e-01	1
7.058400000e-01	1
7.058800000e-01	1
7.059200000e-01	1
7.059600000e-01	1
7.060000000e-01	1
7.060400000e-01	1
7.060800000e-01	1
7.061200000e-01	1
7.061600000e-01	1
7.062000000e-01	1
7.062400000e-01	1
7.062800000e-01	1
7.063200000e-01	1
7.063600000e-01	1
7.064000000e-01	1
7.064400000e-01	1
7.064800000e-01	1
7.065200000e-01	1
7.065600000e-01	1
7.066000000e-01	1
7.066400000e-01	1
7.066800000e-01	1
7.067200000e-01	1
7.067600000e-01	1
7.068000000e-01	1
7.068400000e-01	1
7.068800000e-01	1
7.069200000e-01	1
7.069600000e-01	1
7.070000000e-01	1
7.070400000e-01	1
7.070800000e-01	1
7.071200000e-01	1
7.071600000e-01	1
7.072000000e-01	1
7.072400000e-01	1
7.072800000e-01	1
7.073200000e-01	1
7.073600000e-01	1
7.074000000e-01	1
7.074400000e-01	1
7.074800000e-01	1
7.075200000e-01	1
7.075600000e-01	1
7.076000000e-01	1
7.076400000e-01	1
7.076800000e-01	1
7.077200000e-01	1
7.077600000e-01	1
7.078000000e-01	1
7.078400000e-01	1
7.078800000e-01	1
7.079200000e-01	1
7.079600000e-01	1
7.080000000e-01	1
7.080400000e-01	1
7.080800000e-01	1
7.081200000e-01	1
7.081600000e-01	1
7.082000000e-01	1
7.082400000e-01	1
7.082800000e-01	1
7.083200000e-01	1
7.083600000e-01	1
7.084000000e-01	1
7.084400000e-01	1
7.084800000e-01	1
7.085200000e-01	1
7.085600000e-01	1
7.086000000e-01	1
7.086400000e-01	1
7.086800000e-01	1
7.087200000e-01	1
7.087600000e-01	1
7.088000000e-01	1
7.088400000e-01	1
7.088800000e-01	1
7.089200000e-01	1
7.089600000e-01	1
7.090000000e-01	1
7.090400000e-01	1
7.090800000e-01	1
7.091200000e-01	1
7.091600000e-01	1
7.092000000e-01	1
7.092400000e-01	1
7.092800000e-01	1
7.093200000e-01	1
7.093600000e-01	1
7.094000000e-01	1
7.094400000e-01	1
7.094800000e-01	1
7.095200000e-01	1
7.095600000e-01	1
7.096000000e-01	1
7.096400000e-01	1
7.096800000e-01	1
7.097200000e-01	1
7.097600000e-01	1
7.098000000e-01	1
7.098400000e-01	1
7.098800000e-01	1
7.099200000e-01	1
7.099600000e-01	1
7.100000000e-01	1
7.100400000e-01	1
7.100800000e-01	1
7.101200000e-01	1
7.101600000e-01	1
7.102000000e-01	1
7.102400000e-01	1
7.102800000e-01	1
7.103200000e-01	1
7.103600000e-01	1
7.104000000e-01	1
7.104400000e-01	1
7.104800000e-01	1
7.105200000e-01	1
7.105600000e-01	1
7.106000000e-01	1
7.106400000e-01	1
7.106800000e-01	1
7.107200000e-01	1
7.107600000e-01	1
7.108000000e-01	1
7.108400000e-01	1
7.108800000e-01	1
7.109200000e-01	1
7.109600000e-01	1
7.110000000e-01	1
7.110400000e-01	1
7.110800000e-01	1
7.111200000e-01	1
7.111600000e-01	1
7.112000000e-01	1
7.112400000e-01	1
7.112800000e-01	1
7.113200000e-01	1
7.113600000e-01	1
7.114000000e-01	1
7.114400000e-01	1
7.114800000e-01	1
7.115200000e-01	1
7.115600000e-01	1
7.116000000e-01	1
7.116400000e-01	1
7.116800000e-01	1
7.117200000e-01	1
7.117600000e-01	1
7.118000000e-01	1
7.118400000e-01	1
7.118800000e-01	1
7.119200000e-01	1
7.119600000e-01	1
7.120000000e-01	1
7.120400000e-01	1
7.120800000e-01	1
7.121200000e-01	1
7.121600000e-01	1
7.122000000e-01	1
7.122400000e-01	1
7.122800000e-01	1
7.123200000e-01	1
7.123600000e-01	1
7.124000000e-01	1
7.124400000e-01	1
7.124800000e-01	1
7.125200000e-01	1
7.125600000e-01	1
7.126000000e-01	1
7.126400000e-01	1
7.126800000e-01	1
7.127200000e-01	1
7.127600000e-01	1
7.128000000e-01	1
7.128400000e-01	1
7.128800000e-01	1
7.129200000e-01	1
7.129600000e-01	1
7.130000000e-01	1
7.130400000e-01	1
7.130800000e-01	1
7.131200000e-01	1
7.131600000e-01	1
7.132000000e-01	1
7.132400000e-01	1
7.132800000e-01	1
7.133200000e-01	1
7.133600000e-01	1
7.134000000e-01	1
7.134400000e-01	1
7.134800000e-01	1
7.135200000e-01	1
7.135600000e-01	1
7.136000000e-01	1
7.136400000e-01	1
7.136800000e-01	1
7.137200000e-01	1
7.137600000e-01	1
7.138000000e-01	1
7.138400000e-01	1
7.138800000e-01	1
7.139200000e-01	1
7.139600000e-01	1
7.140000000e-01	1
7.140400000e-01	1
7.140800000e-01	1
7.141200000e-01	1
7.141600000e-01	1
7.142000000e-01	1
7.142400000e-01	1
7.142800000e-01	1
7.143200000e-01	1
7.143600000e-01	1
7.144000000e-01	1
7.144400000e-01	1
7.144800000e-01	1
7.145200000e-01	1
7.145600000e-01	1
7.146000000e-01	1
7.146400000e-01	1
7.146800000e-01	1
7.147200000e-01	1
7.147600000e-01	1
7.148000000e-01	1
7.148400000e-01	1
7.148800000e-01	1
7.149200000e-01	1
7.149600000e-01	1
7.150000000e-01	1
7.150400000e-01	1
7.150800000e-01	1
7.151200000e-01	1
7.151600000e-01	1
7.152000000e-01	1
7.152400000e-01	1
7.152800000e-01	1
7.153200000e-01	1
7.153600000e-01	1
7.154000000e-01	1
7.154400000e-01	1
7.154800000e-01	1
7.155200000e-01	1
7.155600000e-01	1
7.156000000e-01	1
7.156400000e-01	1
7.156800000e-01	1
7.157200000e-01	1
7.157600000e-01	1
7.158000000e-01	1
7.158400000e-01	1
7.158800000e-01	1
7.159200000e-01	1
7.159600000e-01	1
7.160000000e-01	1
7.160400000e-01	1
7.160800000e-01	1
7.161200000e-01	1
7.161600000e-01	1
7.162000000e-01	1
7.162400000e-01	1
7.162800000e-01	1
7.163200000e-01	1
7.163600000e-01	1
7.164000000e-01	1
7.164400000e-01	1
7.164800000e-01	1
7.165200000e-01	1
7.165600000e-01	1
7.166000000e-01	1
7.166400000e-01	1
7.166800000e-01	1
7.167200000e-01	1
7.167600000e-01	1
7.168000000e-01	1
7.168400000e-01	1
7.168800000e-01	1
7.169200000e-01	1
7.169600000e-01	1
7.170000000e-01	1
7.170400000e-01	1
7.170800000e-01	1
7.171200000e-01	1
7.171600000e-01	1
7.172000000e-01	1
7.172400000e-01	1
7.172800000e-01	1
7.173200000e-01	1
7.173600000e-01	1
7.174000000e-01	1
7.174400000e-01	1
7.174800000e-01	1
7.175200000e-01	1
7.175600000e-01	1
7.176000000e-01	1
7.176400000e-01	1
7.176800000e-01	1
7.177200000e-01	1
7.177600000e-01	1
7.178000000e-01	1
7.178400000e-01	1
7.178800000e-01	1
7.179200000e-01	1
7.179600000e-01	1
7.180000000e-01	1
7.180400000e-01	1
7.180800000e-01	1
7.181200000e-01	1
7.181600000e-01	1
7.182000000e-01	1
7.182400000e-01	1
7.182800000e-01	1
7.183200000e-01	1
7.183600000e-01	1
7.184000000e-01	1
7.184400000e-01	1
7.184800000e-01	1
7.185200000e-01	1
7.185600000e-01	1
7.186000000e-01	1
7.186400000e-01	1
7.186800000e-01	1
7.187200000e-01	1
7.187600000e-01	1
7.188000000e-01	1
7.188400000e-01	1
7.188800000e-01	1
7.189200000e-01	1
7.189600000e-01	1
7.190000000e-01	1
7.190400000e-01	1
7.190800000e-01	1
7.191200000e-01	1
7.191600000e-01	1
7.192000000e-01	1
7.192400000e-01	1
7.192800000e-01	1
7.193200000e-01	1
7.193600000e-01	1
7.194000000e-01	1
7.194400000e-01	1
7.194800000e-01	1
7.195200000e-01	1
7.195600000e-01	1
7.196000000e-01	1
7.196400000e-01	1
7.196800000e-01	1
7.197200000e-01	1
7.197600000e-01	1
7.198000000e-01	2
7.198400000e-01	2
7.198800000e-01	2
7.199200000e-01	4
7.199600000e-01	4
7.200000000e-01	2
7.200400000e-01	2
7.200800000e-01	2
7.201200000e-01	2
7.201600000e-01	2
7.202000000e-01	2
7.202400000e-01	2
7.202800000e-01	2
7.203200000e-01	2
7.203600000e-01	2
7.204000000e-01	2
7.204400000e-01	2
7.204800000e-01	2
7.205200000e-01	2
7.205600000e-01	2
7.206000000e-01	2
7.206400000e-01	2
7.206800000e-01	2
7.207200000e-01	2
7.207600000e-01	2
7.208000000e-01	2
7.208400000e-01	2
7.208800000e-01	2
7.209200000e-01	2
7.209600000e-01	2
7.210000000e-01	2
7.210400000e-01	2
7.210800000e-01	2
7.211200000e-01	2
7.211600000e-01	2
7.212000000e-01	2
7.212400000e-01	2
7.212800000e-01	2
7.213200000e-01	2
7.213600000e-01	2
7.214000000e-01	2
7.214400000e-01	2
7.214800000e-01	2
7.215200000e-01	2
7.215600000e-01	2
7.216000000e-01	2
7.216400000e-01	2
7.216800000e-01	2
7.217200000e-01	2
7.217600000e-01	2
7.218000000e-01	2
7.218400000e-01	2
7.218800000e-01	2
7.219200000e-01	2
7.219600000e-01	2
7.220000000e-01	2
7.220400000e-01	2
7.220800000e-01	2
7.221200000e-01	2
7.221600000e-01	2
7.222000000e-01	2
7.222400000e-01	2
7.222800000e-01	2
7.223200000e-01	2
7.223600000e-01	2
7.224000000e-01	2
7.224400000e-01	2
7.224800000e-01	2
7.225200000e-01	2
7.225600000e-01	2
7.226000000e-01	2
7.226400000e-01	2
7.226800000e-01	2
7.227200000e-01	2
7.227600000e-01	2
7.228000000e-01	2
7.228400000e-01	2
7.228800000e-01	2
7.229200000e-01	2
7.229600000e-01	2
7.230000000e-01	2
7.230400000e-01	2
7.230800000e-01	2
7.231200000e-01	2
7.231600000e-01	2
7.232000000e-01	2
7.232400000e-01	2
7.232800000e-01	2
7.233200000e-01	2
7.233600000e-01	2
7.234000000e-01	2
7.234400000e-01	2
7.234800000e-01	2
7.235200000e-01	2
7.235600000e-01	2
7.236000000e-01	2
7.236400000e-01	2
7.236800000e-01	2
7.237200000e-01	2
7.237600000e-01	2
7.238000000e-01	2
7.238400000e-01	2
7.238800000e-01	2
7.239200000e-01	2
7.239600000e-01	2
7.240000000e-01	2
7.240400000e-01	2
7.240800000e-01	2
7.241200000e-01	2
7.241600000e-01	2
7.242000000e-01	2
7.242400000e-01	2
7.242800000e-01	2
7.243200000e-01	2
7.243600000e-01	2
7.244000000e-01	2
7.244400000e-01	2
7.244800000e-01	2
7.245200000e-01	2
7.245600000e-01	2
7.246000000e-01	2
7.246400000e-01	2
7.246800000e-01	2
7.247200000e-01	2
7.247600000e-01	2
7.248000000e-01	2
7.248400000e-01	2
7.248800000e-01	2
7.249200000e-01	2
7.249600000e-01	2
7.250000000e-01	2
7.250400000e-01	2
7.250800000e-01	2
7.251200000e-01	2
7.251600000e-01	2
7.252000000e-01	2
7.252400000e-01	2
7.252800000e-01	2
7.253200000e-01	2
7.253600000e-01	2
7.254000000e-01	2
7.254400000e-01	2
7.254800000e-01	2
7.255200000e-01	2
7.255600000e-01	2
7.256000000e-01	2
7.256400000e-01	2
7.256800000e-01	2
7.257200000e-01	2
7.257600000e-01	2
7.258000000e-01	2
7.258400000e-01	2
7.258800000e-01	2
7.259200000e-01	2
7.259600000e-01	2
7.260000000e-01	2
7.260400000e-01	2
7.260800000e-01	2
7.261200000e-01	2
7.261600000e-01	2
7.262000000e-01	2
7.262400000e-01	2
7.262800000e-01	2
7.263200000e-01	2
7.263600000e-01	2
7.264000000e-01	2
7.264400000e-01	2
7.264800000e-01	2
7.265200000e-01	2
7.265600000e-01	2
7.266000000e-01	2
7.266400000e-01	2
7.266800000e-01	2
7.267200000e-01	2
7.267600000e-01	2
7.268000000e-01	2
7.268400000e-01	2
7.268800000e-01	2
7.269200000e-01	2
7.269600000e-01	2
7.270000000e-01	2
7.270400000e-01	2
7.270800000e-01	2
7.271200000e-01	2
7.271600000e-01	2
7.272000000e-01	2
7.272400000e-01	2
7.272800000e-01	2
7.273200000e-01	2
7.273600000e-01	2
7.274000000e-01	2
7.274400000e-01	2
7.274800000e-01	2
7.275200000e-01	2
7.275600000e-01	2
7.276000000e-01	2
7.276400000e-01	2
7.276800000e-01	2
7.277200000e-01	2
7.277600000e-01	2
7.278000000e-01	2
7.278400000e-01	2
7.278800000e-01	2
7.279200000e-01	2
7.279600000e-01	2
7.280000000e-01	2
7.280400000e-01	2
7.280800000e-01	2
7.281200000e-01	2
7.281600000e-01	2
7.282000000e-01	2
7.282400000e-01	2
7.282800000e-01	2
7.283200000e-01	2
7.283600000e-01	2
7.284000000e-01	2
7.284400000e-01	2
7.284800000e-01	2
7.285200000e-01	2
7.285600000e-01	2
7.286000000e-01	2
7.286400000e-01	2
7.286800000e-01	2
7.287200000e-01	2
7.287600000e-01	2
7.288000000e-01	2
7.288400000e-01	2
7.288800000e-01	2
7.289200000e-01	2
7.289600000e-01	2
7.290000000e-01	2
7.290400000e-01	2
7.290800000e-01	2
7.291200000e-01	2
7.291600000e-01	2
7.292000000e-01	2
7.292400000e-01	2
7.292800000e-01	2
7.293200000e-01	2
7.293600000e-01	2
7.294000000e-01	2
7.294400000e-01	2
7.294800000e-01	2
7.295200000e-01	2
7.295600000e-01	2
7.296000000e-01	2
7.296400000e-01	2
7.296800000e-01	2
7.297200000e-01	2
7.297600000e-01	2
7.298000000e-01	2
7.298400000e-01	2
7.298800000e-01	2
7.299200000e-01	2
7.299600000e-01	2
7.300000000e-01	2
7.300400000e-01	2
7.300800000e-01	2
7.301200000e-01	2
7.301600000e-01	2
7.302000000e-01	2
7.302400000e-01	2
7.302800000e-01	2
7.303200000e-01	2
7.303600000e-01	2
7.304000000e-01	2
7.304400000e-01	2
7.304800000e-01	2
7.305200000e-01	2
7.305600000e-01	2
7.306000000e-01	2
7.306400000e-01	2
7.306800000e-01	2
7.307200000e-01	2
7.307600000e-01	2
7.308000000e-01	2
7.308400000e-01	2
7.308800000e-01	2
7.309200000e-01	2
7.309600000e-01	2
7.310000000e-01	2
7.310400000e-01	2
7.310800000e-01	2
7.311200000e-01	2
7.311600000e-01	2
7.312000000e-01	2
7.312400000e-01	2
7.312800000e-01	2
7.313200000e-01	2
7.313600000e-01	2
7.314000000e-01	2
7.314400000e-01	2
7.314800000e-01	2
7.315200000e-01	2
7.315600000e-01	2
7.316000000e-01	2
7.316400000e-01	2
7.316800000e-01	2
7.317200000e-01	2
7.317600000e-01	2
7.318000000e-01	2
7.318400000e-01	2
7.318800000e-01	2
7.319200000e-01	2
7.319600000e-01	2
7.320000000e-01	2
7.320400000e-01	2
7.320800000e-01	2
7.321200000e-01	2
7.321600000e-01	2
7.322000000e-01	2
7.322400000e-01	2
7.322800000e-01	2
7.323200000e-01	2
7.323600000e-01	2
7.324000000e-01	2
7.324400000e-01	2
7.324800000e-01	2
7.325200000e-01	2
7.325600000e-01	2
7.326000000e-01	2
7.326400000e-01	2
7.326800000e-01	2
7.327200000e-01	2
7.327600000e-01	2
7.328000000e-01	2
7.328400000e-01	2
7.328800000e-01	2
7.329200000e-01	2
7.329600000e-01	2
7.330000000e-01	2
7.330400000e-01	2
7.330800000e-01	2
7.331200000e-01	2
7.331600000e-01	2
7.332000000e-01	2
7.332400000e-01	2
7.332800000e-01	2
7.333200000e-01	2
7.333600000e-01	2
7.334000000e-01	2
7.334400000e-01	2
7.334800000e-01	2
7.335200000e-01	2
7.335600000e-01	2
7.336000000e-01	2
7.336400000e-01	2
7.336800000e-01	2
7.337200000e-01	2
7.337600000e-01	2
7.338000000e-01	2
7.338400000e-01	2
7.338800000e-01	2
7.339200000e-01	2
7.339600000e-01	2
7.340000000e-01	2
7.340400000e-01	2
7.340800000e-01	2
7.341200000e-01	2
7.341600000e-01	2
7.342000000e-01	2
7.342400000e-01	2
7.342800000e-01	2
7.343200000e-01	2
7.343600000e-01	2
7.344000000e-01	2
7.344400000e-01	2
7.344800000e-01	2
7.345200000e-01	2
7.345600000e-01	2
7.346000000e-01	2
7.346400000e-01	2
7.346800000e-01	2
7.347200000e-01	2
7.347600000e-01	2
7.348000000e-01	2
7.348400000e-01	2
7.348800000e-01	2
7.349200000e-01	2
7.349600000e-01	2
7.350000000e-01	2
7.350400000e-01	2
7.350800000e-01	2
7.351200000e-01	2
7.351600000e-01	2
7.352000000e-01	2
7.352400000e-01	2
7.352800000e-01	2
7.353200000e-01	2
7.353600000e-01	2
7.354000000e-01	2
7.354400000e-01	2
7.354800000e-01	2
7.355200000e-01	2
7.355600000e-01	2
7.356000000e-01	2
7.356400000e-01	2
7.356800000e-01	2
7.357200000e-01	2
7.357600000e-01	2
7.358000000e-01	2
7.358400000e-01	2
7.358800000e-01	2
7.359200000e-01	2
7.359600000e-01	2
7.360000000e-01	2
7.360400000e-01	2
7.360800000e-01	2
7.361200000e-01	2
7.361600000e-01	2
7.362000000e-01	2
7.362400000e-01	2
7.362800000e-01	2
7.363200000e-01	2
7.363600000e-01	2
7.364000000e-01	2
7.364400000e-01	2
7.364800000e-01	2
7.365200000e-01	2
7.365600000e-01	2
7.366000000e-01	2
7.366400000e-01	2
7.366800000e-01	2
7.367200000e-01	2
7.367600000e-01	2
7.368000000e-01	2
7.368400000e-01	2
7.368800000e-01	2
7.369200000e-01	2
7.369600000e-01	2
7.370000000e-01	2
7.370400000e-01	2
7.370800000e-01	2
7.371200000e-01	2
7.371600000e-01	2
7.372000000e-01	2
7.372400000e-01	2
7.372800000e-01	2
7.373200000e-01	2
7.373600000e-01	2
7.374000000e-01	2
7.374400000e-01	2
7.374800000e-01	2
7.375200000e-01	2
7.375600000e-01	2
7.376000000e-01	2
7.376400000e-01	2
7.376800000e-01	2
7.377200000e-01	2
7.377600000e-01	2
7.378000000e-01	2
7.378400000e-01	2
7.378800000e-01	2
7.379200000e-01	2
7.379600000e-01	2
7.380000000e-01	2
7.380400000e-01	2
7.380800000e-01	2
7.381200000e-01	2
7.381600000e-01	2
7.382000000e-01	2
7.382400000e-01	2
7.382800000e-01	2
7.383200000e-01	2
7.383600000e-01	2
7.384000000e-01	2
7.384400000e-01	2
7.384800000e-01	2
7.385200000e-01	2
7.385600000e-01	2
7.386000000e-01	2
7.386400000e-01	2
7.386800000e-01	2
7.387200000e-01	2
7.387600000e-01	2
7.388000000e-01	2
7.388400000e-01	2
7.388800000e-01	2
7.389200000e-01	2
7.389600000e-01	2
7.390000000e-01	2
7.390400000e-01	2
7.390800000e-01	2
7.391200000e-01	2
7.391600000e-01	2
7.392000000e-01	2
7.392400000e-01	2
7.392800000e-01	2
7.393200000e-01	2
7.393600000e-01	2
7.394000000e-01	2
7.394400000e-01	2
7.394800000e-01	2
7.395200000e-01	2
7.395600000e-01	2
7.396000000e-01	2
7.396400000e-01	2
7.396800000e-01	2
7.397200000e-01	2
7.397600000e-01	2
7.398000000e-01	2
7.398400000e-01	2
7.398800000e-01	2
7.399200000e-01	2
7.399600000e-01	2
7.400000000e-01	2
7.400400000e-01	2
7.400800000e-01	2
7.401200000e-01	2
7.401600000e-01	2
7.402000000e-01	2
7.402400000e-01	2
7.402800000e-01	2
7.403200000e-01	2
7.403600000e-01	2
7.404000000e-01	2
7.404400000e-01	2
7.404800000e-01	2
7.405200000e-01	2
7.405600000e-01	2
7.406000000e-01	2
7.406400000e-01	2
7.406800000e-01	2
7.407200000e-01	2
7.407600000e-01	2
7.408000000e-01	2
7.408400000e-01	2
7.408800000e-01	2
7.409200000e-01	2
7.409600000e-01	2
7.410000000e-01	2
7.410400000e-01	2
7.410800000e-01	2
7.411200000e-01	2
7.411600000e-01	2
7.412000000e-01	2
7.412400000e-01	2
7.412800000e-01	2
7.413200000e-01	2
7.413600000e-01	2
7.414000000e-01	2
7.414400000e-01	2
7.414800000e-01	2
7.415200000e-01	2
7.415600000e-01	2
7.416000000e-01	2
7.416400000e-01	2
7.416800000e-01	2
7.417200000e-01	2
7.417600000e-01	2
7.418000000e-01	2
7.418400000e-01	2
7.418800000e-01	2
7.419200000e-01	2
7.419600000e-01	2
7.420000000e-01	2
7.420400000e-01	2
7.420800000e-01	2
7.421200000e-01	2
7.421600000e-01	2
7.422000000e-01	2
7.422400000e-01	2
7.422800000e-01	2
7.423200000e-01	2
7.423600000e-01	2
7.424000000e-01	2
7.424400000e-01	2
7.424800000e-01	2
7.425200000e-01	2
7.425600000e-01	2
7.426000000e-01	2
7.426400000e-01	2
7.426800000e-01	2
7.427200000e-01	2
7.427600000e-01	2
7.428000000e-01	2
7.428400000e-01	2
7.428800000e-01	2
7.429200000e-01	2
7.429600000e-01	2
7.430000000e-01	2
7.430400000e-01	2
7.430800000e-01	2
7.431200000e-01	2
7.431600000e-01	2
7.432000000e-01	2
7.432400000e-01	2
7.432800000e-01	2
7.433200000e-01	2
7.433600000e-01	2
7.434000000e-01	2
7.434400000e-01	2
7.434800000e-01	2
7.435200000e-01	2
7.435600000e-01	2
7.436000000e-01	2
7.436400000e-01	2
7.436800000e-01	2
7.437200000e-01	2
7.437600000e-01	2
7.438000000e-01	2
7.438400000e-01	2
7.438800000e-01	2
7.439200000e-01	2
7.439600000e-01	2
7.440000000e-01	2
7.440400000e-01	2
7.440800000e-01	2
7.441200000e-01	2
7.441600000e-01	2
7.442000000e-01	2
7.442400000e-01	2
7.442800000e-01	2
7.443200000e-01	2
7.443600000e-01	2
7.444000000e-01	2
7.444400000e-01	2
7.444800000e-01	2
7.445200000e-01	2
7.445600000e-01	2
7.446000000e-01	2
7.446400000e-01	2
7.446800000e-01	2
7.447200000e-01	2
7.447600000e-01	2
7.448000000e-01	2
7.448400000e-01	2
7.448800000e-01	2
7.449200000e-01	2
7.449600000e-01	2
7.450000000e-01	2
7.450400000e-01	2
7.450800000e-01	2
7.451200000e-01	2
7.451600000e-01	2
7.452000000e-01	2
7.452400000e-01	2
7.452800000e-01	2
7.453200000e-01	2
7.453600000e-01	2
7.454000000e-01	2
7.454400000e-01	2
7.454800000e-01	2
7.455200000e-01	2
7.455600000e-01	2
7.456000000e-01	2
7.456400000e-01	2
7.456800000e-01	2
7.457200000e-01	2
7.457600000e-01	2
7.458000000e-01	2
7.458400000e-01	2
7.458800000e-01	2
7.459200000e-01	2
7.459600000e-01	2
7.460000000e-01	2
7.460400000e-01	2
7.460800000e-01	2
7.461200000e-01	2
7.461600000e-01	2
7.462000000e-01	2
7.462400000e-01	2
7.462800000e-01	2
7.463200000e-01	2
7.463600000e-01	2
7.464000000e-01	2
7.464400000e-01	2
7.464800000e-01	2
7.465200000e-01	2
7.465600000e-01	2
7.466000000e-01	2
7.466400000e-01	2
7.466800000e-01	2
7.467200000e-01	2
7.467600000e-01	2
7.468000000e-01	2
7.468400000e-01	2
7.468800000e-01	2
7.469200000e-01	2
7.469600000e-01	2
7.470000000e-01	2
7.470400000e-01	2
7.470800000e-01	2
7.471200000e-01	2
7.471600000e-01	2
7.472000000e-01	2
7.472400000e-01	2
7.472800000e-01	2
7.473200000e-01	2
7.473600000e-01	2
7.474000000e-01	2
7.474400000e-01	2
7.474800000e-01	2
7.475200000e-01	2
7.475600000e-01	2
7.476000000e-01	2
7.476400000e-01	2
7.476800000e-01	2
7.477200000e-01	2
7.477600000e-01	2
7.478000000e-01	2
7.478400000e-01	2
7.478800000e-01	2
7.479200000e-01	2
7.479600000e-01	2
7.480000000e-01	2
7.480400000e-01	2
7.480800000e-01	2
7.481200000e-01	2
7.481600000e-01	2
7.482000000e-01	2
7.482400000e-01	2
7.482800000e-01	2
7.483200000e-01	2
7.483600000e-01	2
7.484000000e-01	2
7.484400000e-01	2
7.484800000e-01	2
7.485200000e-01	2
7.485600000e-01	2
7.486000000e-01	2
7.486400000e-01	2
7.486800000e-01	2
7.487200000e-01	2
7.487600000e-01	2
7.488000000e-01	2
7.488400000e-01	2
7.488800000e-01	2
7.489200000e-01	2
7.489600000e-01	2
7.490000000e-01	2
7.490400000e-01	2
7.490800000e-01	2
7.491200000e-01	2
7.491600000e-01	2
7.492000000e-01	2
7.492400000e-01	2
7.492800000e-01	2
7.493200000e-01	2
7.493600000e-01	2
7.494000000e-01	2
7.494400000e-01	2
7.494800000e-01	2
7.495200000e-01	2
7.495600000e-01	2
7.496000000e-01	2
7.496400000e-01	2
7.496800000e-01	2
7.497200000e-01	2
7.497600000e-01	2
7.498000000e-01	2
7.498400000e-01	2
7.498800000e-01	2
7.499200000e-01	2
7.499600000e-01	2
7.500000000e-01	2
7.500400000e-01	2
7.500800000e-01	2
7.501200000e-01	2
7.501600000e-01	2
7.502000000e-01	2
7.502400000e-01	2
7.502800000e-01	2
7.503200000e-01	2
7.503600000e-01	2
7.504000000e-01	2
7.504400000e-01	2
7.504800000e-01	2
7.505200000e-01	2
7.505600000e-01	2
7.506000000e-01	2
7.506400000e-01	2
7.506800000e-01	2
7.507200000e-01	2
7.507600000e-01	2
7.508000000e-01	2
7.508400000e-01	2
7.508800000e-01	2
7.509200000e-01	2
7.509600000e-01	2
7.510000000e-01	2
7.510400000e-01	2
7.510800000e-01	2
7.511200000e-01	2
7.511600000e-01	2
7.512000000e-01	2
7.512400000e-01	2
7.512800000e-01	2
7.513200000e-01	2
7.513600000e-01	2
7.514000000e-01	2
7.514400000e-01	2
7.514800000e-01	2
7.515200000e-01	2
7.515600000e-01	2
7.516000000e-01	2
7.516400000e-01	2
7.516800000e-01	2
7.517200000e-01	2
7.517600000e-01	2
7.518000000e-01	2
7.518400000e-01	2
7.518800000e-01	2
7.519200000e-01	2
7.519600000e-01	2
7.520000000e-01	2
7.520400000e-01	2
7.520800000e-01	2
7.521200000e-01	2
7.521600000e-01	2
7.522000000e-01	2
7.522400000e-01	2
7.522800000e-01	2
7.523200000e-01	2
7.523600000e-01	2
7.524000000e-01	2
7.524400000e-01	2
7.524800000e-01	2
7.525200000e-01	2
7.525600000e-01	2
7.526000000e-01	2
7.526400000e-01	2
7.526800000e-01	2
7.527200000e-01	2
7.527600000e-01	2
7.528000000e-01	2
7.528400000e-01	2
7.528800000e-01	2
7.529200000e-01	2
7.529600000e-01	2
7.530000000e-01	2
7.530400000e-01	2
7.530800000e-01	2
7.531200000e-01	2
7.531600000e-01	2
7.532000000e-01	2
7.532400000e-01	2
7.532800000e-01	2
7.533200000e-01	2
7.533600000e-01	2
7.534000000e-01	2
7.534400000e-01	2
7.534800000e-01	2
7.535200000e-01	2
7.535600000e-01	2
7.536000000e-01	2
7.536400000e-01	2
7.536800000e-01	2
7.537200000e-01	2
7.537600000e-01	2
7.538000000e-01	2
7.538400000e-01	2
7.538800000e-01	2
7.539200000e-01	2
7.539600000e-01	2
7.540000000e-01	2
7.540400000e-01	2
7.540800000e-01	2
7.541200000e-01	2
7.541600000e-01	2
7.542000000e-01	2
7.542400000e-01	2
7.542800000e-01	2
7.543200000e-01	2
7.543600000e-01	2
7.544000000e-01	2
7.544400000e-01	2
7.544800000e-01	2
7.545200000e-01	2
7.545600000e-01	2
7.546000000e-01	2
7.546400000e-01	2
7.546800000e-01	2
7.547200000e-01	2
7.547600000e-01	2
7.548000000e-01	2
7.548400000e-01	2
7.548800000e-01	2
7.549200000e-01	2
7.549600000e-01	2
7.550000000e-01	2
7.550400000e-01	2
7.550800000e-01	2
7.551200000e-01	2
7.551600000e-01	2
7.552000000e-01	2
7.552400000e-01	2
7.552800000e-01	2
7.553200000e-01	2
7.553600000e-01	2
7.554000000e-01	2
7.554400000e-01	2
7.554800000e-01	2
7.555200000e-01	2
7.555600000e-01	2
7.556000000e-01	2
7.556400000e-01	2
7.556800000e-01	2
7.557200000e-01	2
7.557600000e-01	2
7.558000000e-01	2
7.558400000e-01	2
7.558800000e-01	2
7.559200000e-01	2
7.559600000e-01	2
7.560000000e-01	2
7.560400000e-01	2
7.560800000e-01	2
7.561200000e-01	2
7.561600000e-01	2
7.562000000e-01	2
7.562400000e-01	2
7.562800000e-01	2
7.563200000e-01	2
7.563600000e-01	2
7.564000000e-01	2
7.564400000e-01	2
7.564800000e-01	2
7.565200000e-01	2
7.565600000e-01	2
7.566000000e-01	2
7.566400000e-01	2
7.566800000e-01	2
7.567200000e-01	2
7.567600000e-01	2
7.568000000e-01	2
7.568400000e-01	2
7.568800000e-01	2
7.569200000e-01	2
7.569600000e-01	2
7.570000000e-01	2
7.570400000e-01	2
7.570800000e-01	2
7.571200000e-01	2
7.571600000e-01	2
7.572000000e-01	2
7.572400000e-01	2
7.572800000e-01	2
7.573200000e-01	2
7.573600000e-01	2
7.574000000e-01	2
7.574400000e-01	2
7.574800000e-01	2
7.575200000e-01	2
7.575600000e-01	2
7.576000000e-01	2
7.576400000e-01	2
7.576800000e-01	2
7.577200000e-01	2
7.577600000e-01	2
7.578000000e-01	2
7.578400000e-01	2
7.578800000e-01	2
7.579200000e-01	2
7.579600000e-01	2
7.580000000e-01	2
7.580400000e-01	2
7.580800000e-01	2
7.581200000e-01	2
7.581600000e-01	2
7.582000000e-01	2
7.582400000e-01	2
7.582800000e-01	2
7.583200000e-01	2
7.583600000e-01	2
7.584000000e-01	2
7.584400000e-01	2
7.584800000e-01	2
7.585200000e-01	2
7.585600000e-01	2
7.586000000e-01	2
7.586400000e-01	2
7.586800000e-01	2
7.587200000e-01	2
7.587600000e-01	2
7.588000000e-01	2
7.588400000e-01	2
7.588800000e-01	2
7.589200000e-01	2
7.589600000e-01	2
7.590000000e-01	2
7.590400000e-01	2
7.590800000e-01	2
7.591200000e-01	2
7.591600000e-01	2
7.592000000e-01	2
7.592400000e-01	2
7.592800000e-01	2
7.593200000e-01	2
7.593600000e-01	2
7.594000000e-01	2
7.594400000e-01	2
7.594800000e-01	2
7.595200000e-01	2
7.595600000e-01	2
7.596000000e-01	2
7.596400000e-01	2
7.596800000e-01	2
7.597200000e-01	2
7.597600000e-01	2
7.598000000e-01	2
7.598400000e-01	2
7.598800000e-01	2
7.599200000e-01	2
7.599600000e-01	2
7.600000000e-01	2
7.600400000e-01	2
7.600800000e-01	2
7.601200000e-01	2
7.601600000e-01	2
7.602000000e-01	2
7.602400000e-01	2
7.602800000e-01	2
7.603200000e-01	2
7.603600000e-01	2
7.604000000e-01	2
7.604400000e-01	2
7.604800000e-01	2
7.605200000e-01	2
7.605600000e-01	2
7.606000000e-01	2
7.606400000e-01	2
7.606800000e-01	2
7.607200000e-01	2
7.607600000e-01	2
7.608000000e-01	2
7.608400000e-01	2
7.608800000e-01	2
7.609200000e-01	2
7.609600000e-01	2
7.610000000e-01	2
7.610400000e-01	2
7.610800000e-01	2
7.611200000e-01	2
7.611600000e-01	2
7.612000000e-01	2
7.612400000e-01	2
7.612800000e-01	2
7.613200000e-01	2
7.613600000e-01	2
7.614000000e-01	2
7.614400000e-01	2
7.614800000e-01	2
7.615200000e-01	2
7.615600000e-01	2
7.616000000e-01	2
7.616400000e-01	2
7.616800000e-01	2
7.617200000e-01	2
7.617600000e-01	2
7.618000000e-01	2
7.618400000e-01	2
7.618800000e-01	2
7.619200000e-01	2
7.619600000e-01	2
7.620000000e-01	2
7.620400000e-01	2
7.620800000e-01	2
7.621200000e-01	2
7.621600000e-01	2
7.622000000e-01	2
7.622400000e-01	2
7.622800000e-01	2
7.623200000e-01	2
7.623600000e-01	2
7.624000000e-01	2
7.624400000e-01	2
7.624800000e-01	2
7.625200000e-01	2
7.625600000e-01	2
7.626000000e-01	2
7.626400000e-01	2
7.626800000e-01	2
7.627200000e-01	2
7.627600000e-01	2
7.628000000e-01	2
7.628400000e-01	2
7.628800000e-01	2
7.629200000e-01	2
7.629600000e-01	2
7.630000000e-01	2
7.630400000e-01	2
7.630800000e-01	2
7.631200000e-01	2
7.631600000e-01	2
7.632000000e-01	2
7.632400000e-01	2
7.632800000e-01	2
7.633200000e-01	2
7.633600000e-01	2
7.634000000e-01	2
7.634400000e-01	2
7.634800000e-01	2
7.635200000e-01	2
7.635600000e-01	2
7.636000000e-01	2
7.636400000e-01	2
7.636800000e-01	2
7.637200000e-01	2
7.637600000e-01	2
7.638000000e-01	2
7.638400000e-01	2
7.638800000e-01	2
7.639200000e-01	2
7.639600000e-01	2
7.640000000e-01	2
7.640400000e-01	2
7.640800000e-01	2
7.641200000e-01	2
7.641600000e-01	2
7.642000000e-01	2
7.642400000e-01	2
7.642800000e-01	2
7.643200000e-01	2
7.643600000e-01	2
7.644000000e-01	2
7.644400000e-01	2
7.644800000e-01	2
7.645200000e-01	2
7.645600000e-01	2
7.646000000e-01	2
7.646400000e-01	2
7.646800000e-01	2
7.647200000e-01	2
7.647600000e-01	2
7.648000000e-01	2
7.648400000e-01	2
7.648800000e-01	2
7.649200000e-01	2
7.649600000e-01	2
7.650000000e-01	2
7.650400000e-01	2
7.650800000e-01	2
7.651200000e-01	2
7.651600000e-01	2
7.652000000e-01	2
7.652400000e-01	2
7.652800000e-01	2
7.653200000e-01	2
7.653600000e-01	2
7.654000000e-01	2
7.654400000e-01	2
7.654800000e-01	2
7.655200000e-01	2
7.655600000e-01	2
7.656000000e-01	2
7.656400000e-01	2
7.656800000e-01	2
7.657200000e-01	2
7.657600000e-01	2
7.658000000e-01	2
7.658400000e-01	2
7.658800000e-01	2
7.659200000e-01	2
7.659600000e-01	2
7.660000000e-01	2
7.660400000e-01	2
7.660800000e-01	2
7.661200000e-01	2
7.661600000e-01	2
7.662000000e-01	2
7.662400000e-01	2
7.662800000e-01	2
7.663200000e-01	2
7.663600000e-01	2
7.664000000e-01	2
7.664400000e-01	2
7.664800000e-01	2
7.665200000e-01	2
7.665600000e-01	2
7.666000000e-01	2
7.666400000e-01	2
7.666800000e-01	2
7.667200000e-01	2
7.667600000e-01	2
7.668000000e-01	2
7.668400000e-01	2
7.668800000e-01	2
7.669200000e-01	2
7.669600000e-01	2
7.670000000e-01	2
7.670400000e-01	2
7.670800000e-01	2
7.671200000e-01	2
7.671600000e-01	2
7.672000000e-01	2
7.672400000e-01	2
7.672800000e-01	2
7.673200000e-01	2
7.673600000e-01	2
7.674000000e-01	2
7.674400000e-01	2
7.674800000e-01	2
7.675200000e-01	2
7.675600000e-01	2
7.676000000e-01	2
7.676400000e-01	2
7.676800000e-01	2
7.677200000e-01	2
7.677600000e-01	2
7.678000000e-01	2
7.678400000e-01	2
7.678800000e-01	2
7.679200000e-01	2
7.679600000e-01	2
7.680000000e-01	2
7.680400000e-01	2
7.680800000e-01	2
7.681200000e-01	2
7.681600000e-01	2
7.682000000e-01	2
7.682400000e-01	2
7.682800000e-01	2
7.683200000e-01	2
7.683600000e-01	2
7.684000000e-01	2
7.684400000e-01	2
7.684800000e-01	2
7.685200000e-01	2
7.685600000e-01	2
7.686000000e-01	2
7.686400000e-01	2
7.686800000e-01	2
7.687200000e-01	2
7.687600000e-01	2
7.688000000e-01	2
7.688400000e-01	2
7.688800000e-01	2
7.689200000e-01	2
7.689600000e-01	2
7.690000000e-01	2
7.690400000e-01	2
7.690800000e-01	2
7.691200000e-01	2
7.691600000e-01	2
7.692000000e-01	2
7.692400000e-01	2
7.692800000e-01	2
7.693200000e-01	2
7.693600000e-01	2
7.694000000e-01	2
7.694400000e-01	2
7.694800000e-01	2
7.695200000e-01	2
7.695600000e-01	2
7.696000000e-01	2
7.696400000e-01	2
7.696800000e-01	2
7.697200000e-01	2
7.697600000e-01	2
7.698000000e-01	2
7.698400000e-01	2
7.698800000e-01	2
7.699200000e-01	2
7.699600000e-01	2
7.700000000e-01	2
7.700400000e-01	2
7.700800000e-01	2
7.701200000e-01	2
7.701600000e-01	2
7.702000000e-01	2
7.702400000e-01	2
7.702800000e-01	2
7.703200000e-01	2
7.703600000e-01	2
7.704000000e-01	2
7.704400000e-01	2
7.704800000e-01	2
7.705200000e-01	2
7.705600000e-01	2
7.706000000e-01	2
7.706400000e-01	2
7.706800000e-01	2
7.707200000e-01	2
7.707600000e-01	2
7.708000000e-01	2
7.708400000e-01	2
7.708800000e-01	2
7.709200000e-01	2
7.709600000e-01	2
7.710000000e-01	2
7.710400000e-01	2
7.710800000e-01	2
7.711200000e-01	2
7.711600000e-01	2
7.712000000e-01	2
7.712400000e-01	2
7.712800000e-01	2
7.713200000e-01	2
7.713600000e-01	2
7.714000000e-01	2
7.714400000e-01	2
7.714800000e-01	2
7.715200000e-01	2
7.715600000e-01	2
7.716000000e-01	2
7.716400000e-01	2
7.716800000e-01	2
7.717200000e-01	2
7.717600000e-01	2
7.718000000e-01	2
7.718400000e-01	2
7.718800000e-01	2
7.719200000e-01	2
7.719600000e-01	2
7.720000000e-01	2
7.720400000e-01	2
7.720800000e-01	2
7.721200000e-01	2
7.721600000e-01	2
7.722000000e-01	2
7.722400000e-01	2
7.722800000e-01	2
7.723200000e-01	2
7.723600000e-01	2
7.724000000e-01	2
7.724400000e-01	2
7.724800000e-01	2
7.725200000e-01	2
7.725600000e-01	2
7.726000000e-01	2
7.726400000e-01	2
7.726800000e-01	2
7.727200000e-01	2
7.727600000e-01	2
7.728000000e-01	2
7.728400000e-01	2
7.728800000e-01	2
7.729200000e-01	2
7.729600000e-01	2
7.730000000e-01	2
7.730400000e-01	2
7.730800000e-01	2
7.731200000e-01	2
7.731600000e-01	2
7.732000000e-01	2
7.732400000e-01	2
7.732800000e-01	2
7.733200000e-01	2
7.733600000e-01	2
7.734000000e-01	2
7.734400000e-01	2
7.734800000e-01	2
7.735200000e-01	2
7.735600000e-01	2
7.736000000e-01	2
7.736400000e-01	2
7.736800000e-01	2
7.737200000e-01	2
7.737600000e-01	2
7.738000000e-01	2
7.738400000e-01	2
7.738800000e-01	2
7.739200000e-01	2
7.739600000e-01	2
7.740000000e-01	2
7.740400000e-01	2
7.740800000e-01	2
7.741200000e-01	2
7.741600000e-01	2
7.742000000e-01	2
7.742400000e-01	2
7.742800000e-01	2
7.743200000e-01	2
7.743600000e-01	2
7.744000000e-01	2
7.744400000e-01	2
7.744800000e-01	2
7.745200000e-01	2
7.745600000e-01	2
7.746000000e-01	2
7.746400000e-01	2
7.746800000e-01	2
7.747200000e-01	2
7.747600000e-01	2
7.748000000e-01	2
7.748400000e-01	2
7.748800000e-01	2
7.749200000e-01	2
7.749600000e-01	2
7.750000000e-01	2
7.750400000e-01	2
7.750800000e-01	2
7.751200000e-01	2
7.751600000e-01	2
7.752000000e-01	2
7.752400000e-01	2
7.752800000e-01	2
7.753200000e-01	2
7.753600000e-01	2
7.754000000e-01	2
7.754400000e-01	2
7.754800000e-01	2
7.755200000e-01	2
7.755600000e-01	2
7.756000000e-01	2
7.756400000e-01	2
7.756800000e-01	2
7.757200000e-01	2
7.757600000e-01	2
7.758000000e-01	2
7.758400000e-01	2
7.758800000e-01	2
7.759200000e-01	2
7.759600000e-01	2
7.760000000e-01	2
7.760400000e-01	2
7.760800000e-01	2
7.761200000e-01	2
7.761600000e-01	2
7.762000000e-01	2
7.762400000e-01	2
7.762800000e-01	2
7.763200000e-01	2
7.763600000e-01	2
7.764000000e-01	2
7.764400000e-01	2
7.764800000e-01	2
7.765200000e-01	2
7.765600000e-01	2
7.766000000e-01	2
7.766400000e-01	2
7.766800000e-01	2
7.767200000e-01	2
7.767600000e-01	2
7.768000000e-01	2
7.768400000e-01	2
7.768800000e-01	2
7.769200000e-01	2
7.769600000e-01	2
7.770000000e-01	2
7.770400000e-01	2
7.770800000e-01	2
7.771200000e-01	2
7.771600000e-01	2
7.772000000e-01	2
7.772400000e-01	2
7.772800000e-01	2
7.773200000e-01	2
7.773600000e-01	2
7.774000000e-01	2
7.774400000e-01	2
7.774800000e-01	2
7.775200000e-01	2
7.775600000e-01	2
7.776000000e-01	2
7.776400000e-01	2
7.776800000e-01	2
7.777200000e-01	2
7.777600000e-01	2
7.778000000e-01	2
7.778400000e-01	2
7.778800000e-01	2
7.779200000e-01	2
7.779600000e-01	2
7.780000000e-01	2
7.780400000e-01	2
7.780800000e-01	2
7.781200000e-01	2
7.781600000e-01	2
7.782000000e-01	2
7.782400000e-01	2
7.782800000e-01	2
7.783200000e-01	2
7.783600000e-01	2
7.784000000e-01	2
7.784400000e-01	2
7.784800000e-01	2
7.785200000e-01	2
7.785600000e-01	2
7.786000000e-01	2
7.786400000e-01	2
7.786800000e-01	2
7.787200000e-01	2
7.787600000e-01	2
7.788000000e-01	2
7.788400000e-01	2
7.788800000e-01	2
7.789200000e-01	2
7.789600000e-01	2
7.790000000e-01	2
7.790400000e-01	2
7.790800000e-01	2
7.791200000e-01	2
7.791600000e-01	2
7.792000000e-01	2
7.792400000e-01	2
7.792800000e-01	2
7.793200000e-01	2
7.793600000e-01	2
7.794000000e-01	2
7.794400000e-01	2
7.794800000e-01	2
7.795200000e-01	2
7.795600000e-01	2
7.796000000e-01	2
7.796400000e-01	2
7.796800000e-01	2
7.797200000e-01	2
7.797600000e-01	2
7.798000000e-01	2
7.798400000e-01	2
7.798800000e-01	2
7.799200000e-01	2
7.799600000e-01	2
7.800000000e-01	2
7.800400000e-01	2
7.800800000e-01	2
7.801200000e-01	2
7.801600000e-01	2
7.802000000e-01	2
7.802400000e-01	2
7.802800000e-01	2
7.803200000e-01	2
7.803600000e-01	2
7.804000000e-01	2
7.804400000e-01	2
7.804800000e-01	2
7.805200000e-01	2
7.805600000e-01	2
7.806000000e-01	2
7.806400000e-01	2
7.806800000e-01	2
7.807200000e-01	2
7.807600000e-01	2
7.808000000e-01	2
7.808400000e-01	2
7.808800000e-01	2
7.809200000e-01	2
7.809600000e-01	2
7.810000000e-01	2
7.810400000e-01	2
7.810800000e-01	2
7.811200000e-01	2
7.811600000e-01	2
7.812000000e-01	2
7.812400000e-01	2
7.812800000e-01	2
7.813200000e-01	2
7.813600000e-01	2
7.814000000e-01	2
7.814400000e-01	2
7.814800000e-01	2
7.815200000e-01	2
7.815600000e-01	2
7.816000000e-01	2
7.816400000e-01	2
7.816800000e-01	2
7.817200000e-01	2
7.817600000e-01	2
7.818000000e-01	2
7.818400000e-01	2
7.818800000e-01	2
7.819200000e-01	2
7.819600000e-01	2
7.820000000e-01	2
7.820400000e-01	2
7.820800000e-01	2
7.821200000e-01	2
7.821600000e-01	2
7.822000000e-01	2
7.822400000e-01	2
7.822800000e-01	2
7.823200000e-01	2
7.823600000e-01	2
7.824000000e-01	2
7.824400000e-01	2
7.824800000e-01	2
7.825200000e-01	2
7.825600000e-01	2
7.826000000e-01	2
7.826400000e-01	2
7.826800000e-01	2
7.827200000e-01	2
7.827600000e-01	2
7.828000000e-01	2
7.828400000e-01	2
7.828800000e-01	2
7.829200000e-01	2
7.829600000e-01	2
7.830000000e-01	2
7.830400000e-01	2
7.830800000e-01	2
7.831200000e-01	2
7.831600000e-01	2
7.832000000e-01	2
7.832400000e-01	2
7.832800000e-01	2
7.833200000e-01	2
7.833600000e-01	2
7.834000000e-01	2
7.834400000e-01	2
7.834800000e-01	2
7.835200000e-01	2
7.835600000e-01	2
7.836000000e-01	2
7.836400000e-01	2
7.836800000e-01	2
7.837200000e-01	2
7.837600000e-01	2
7.838000000e-01	2
7.838400000e-01	2
7.838800000e-01	2
7.839200000e-01	2
7.839600000e-01	2
7.840000000e-01	2
7.840400000e-01	2
7.840800000e-01	2
7.841200000e-01	2
7.841600000e-01	2
7.842000000e-01	2
7.842400000e-01	2
7.842800000e-01	2
7.843200000e-01	2
7.843600000e-01	2
7.844000000e-01	2
7.844400000e-01	2
7.844800000e-01	2
7.845200000e-01	2
7.845600000e-01	2
7.846000000e-01	2
7.846400000e-01	2
7.846800000e-01	2
7.847200000e-01	2
7.847600000e-01	2
7.848000000e-01	2
7.848400000e-01	2
7.848800000e-01	2
7.849200000e-01	2
7.849600000e-01	2
7.850000000e-01	2
7.850400000e-01	2
7.850800000e-01	2
7.851200000e-01	2
7.851600000e-01	2
7.852000000e-01	2
7.852400000e-01	2
7.852800000e-01	2
7.853200000e-01	2
7.853600000e-01	2
7.854000000e-01	2
7.854400000e-01	2
7.854800000e-01	2
7.855200000e-01	2
7.855600000e-01	2
7.856000000e-01	2
7.856400000e-01	2
7.856800000e-01	2
7.857200000e-01	2
7.857600000e-01	2
7.858000000e-01	2
7.858400000e-01	2
7.858800000e-01	2
7.859200000e-01	2
7.859600000e-01	2
7.860000000e-01	2
7.860400000e-01	2
7.860800000e-01	2
7.861200000e-01	2
7.861600000e-01	2
7.862000000e-01	2
7.862400000e-01	2
7.862800000e-01	2
7.863200000e-01	2
7.863600000e-01	2
7.864000000e-01	2
7.864400000e-01	2
7.864800000e-01	2
7.865200000e-01	2
7.865600000e-01	2
7.866000000e-01	2
7.866400000e-01	2
7.866800000e-01	2
7.867200000e-01	2
7.867600000e-01	2
7.868000000e-01	2
7.868400000e-01	2
7.868800000e-01	2
7.869200000e-01	2
7.869600000e-01	2
7.870000000e-01	2
7.870400000e-01	2
7.870800000e-01	2
7.871200000e-01	2
7.871600000e-01	2
7.872000000e-01	2
7.872400000e-01	2
7.872800000e-01	2
7.873200000e-01	2
7.873600000e-01	2
7.874000000e-01	2
7.874400000e-01	2
7.874800000e-01	2
7.875200000e-01	2
7.875600000e-01	2
7.876000000e-01	2
7.876400000e-01	2
7.876800000e-01	2
7.877200000e-01	2
7.877600000e-01	2
7.878000000e-01	2
7.878400000e-01	2
7.878800000e-01	2
7.879200000e-01	2
7.879600000e-01	2
7.880000000e-01	2
7.880400000e-01	2
7.880800000e-01	2
7.881200000e-01	2
7.881600000e-01	2
7.882000000e-01	2
7.882400000e-01	2
7.882800000e-01	2
7.883200000e-01	2
7.883600000e-01	2
7.884000000e-01	2
7.884400000e-01	2
7.884800000e-01	2
7.885200000e-01	2
7.885600000e-01	2
7.886000000e-01	2
7.886400000e-01	2
7.886800000e-01	2
7.887200000e-01	2
7.887600000e-01	2
7.888000000e-01	2
7.888400000e-01	2
7.888800000e-01	2
7.889200000e-01	2
7.889600000e-01	2
7.890000000e-01	2
7.890400000e-01	2
7.890800000e-01	2
7.891200000e-01	2
7.891600000e-01	2
7.892000000e-01	2
7.892400000e-01	2
7.892800000e-01	2
7.893200000e-01	2
7.893600000e-01	2
7.894000000e-01	2
7.894400000e-01	2
7.894800000e-01	2
7.895200000e-01	2
7.895600000e-01	2
7.896000000e-01	2
7.896400000e-01	2
7.896800000e-01	2
7.897200000e-01	2
7.897600000e-01	2
7.898000000e-01	2
7.898400000e-01	2
7.898800000e-01	2
7.899200000e-01	2
7.899600000e-01	2
7.900000000e-01	2
7.900400000e-01	2
7.900800000e-01	2
7.901200000e-01	2
7.901600000e-01	2
7.902000000e-01	2
7.902400000e-01	2
7.902800000e-01	2
7.903200000e-01	2
7.903600000e-01	2
7.904000000e-01	2
7.904400000e-01	2
7.904800000e-01	2
7.905200000e-01	2
7.905600000e-01	2
7.906000000e-01	2
7.906400000e-01	2
7.906800000e-01	2
7.907200000e-01	2
7.907600000e-01	2
7.908000000e-01	2
7.908400000e-01	2
7.908800000e-01	2
7.909200000e-01	2
7.909600000e-01	2
7.910000000e-01	2
7.910400000e-01	2
7.910800000e-01	2
7.911200000e-01	2
7.911600000e-01	2
7.912000000e-01	2
7.912400000e-01	2
7.912800000e-01	2
7.913200000e-01	2
7.913600000e-01	2
7.914000000e-01	2
7.914400000e-01	2
7.914800000e-01	2
7.915200000e-01	2
7.915600000e-01	2
7.916000000e-01	2
7.916400000e-01	2
7.916800000e-01	2
7.917200000e-01	2
7.917600000e-01	2
7.918000000e-01	2
7.918400000e-01	2
7.918800000e-01	2
7.919200000e-01	2
7.919600000e-01	2
7.920000000e-01	2
7.920400000e-01	2
7.920800000e-01	2
7.921200000e-01	2
7.921600000e-01	2
7.922000000e-01	2
7.922400000e-01	2
7.922800000e-01	2
7.923200000e-01	2
7.923600000e-01	2
7.924000000e-01	2
7.924400000e-01	2
7.924800000e-01	2
7.925200000e-01	2
7.925600000e-01	2
7.926000000e-01	2
7.926400000e-01	2
7.926800000e-01	2
7.927200000e-01	2
7.927600000e-01	2
7.928000000e-01	2
7.928400000e-01	2
7.928800000e-01	2
7.929200000e-01	2
7.929600000e-01	2
7.930000000e-01	2
7.930400000e-01	2
7.930800000e-01	2
7.931200000e-01	2
7.931600000e-01	2
7.932000000e-01	2
7.932400000e-01	2
7.932800000e-01	2
7.933200000e-01	2
7.933600000e-01	2
7.934000000e-01	2
7.934400000e-01	2
7.934800000e-01	2
7.935200000e-01	2
7.935600000e-01	2
7.936000000e-01	2
7.936400000e-01	2
7.936800000e-01	2
7.937200000e-01	2
7.937600000e-01	2
7.938000000e-01	2
7.938400000e-01	2
7.938800000e-01	2
7.939200000e-01	2
7.939600000e-01	2
7.940000000e-01	2
7.940400000e-01	2
7.940800000e-01	2
7.941200000e-01	2
7.941600000e-01	2
7.942000000e-01	2
7.942400000e-01	2
7.942800000e-01	2
7.943200000e-01	2
7.943600000e-01	2
7.944000000e-01	2
7.944400000e-01	2
7.944800000e-01	2
7.945200000e-01	2
7.945600000e-01	2
7.946000000e-01	2
7.946400000e-01	2
7.946800000e-01	2
7.947200000e-01	2
7.947600000e-01	2
7.948000000e-01	2
7.948400000e-01	2
7.948800000e-01	2
7.949200000e-01	2
7.949600000e-01	2
7.950000000e-01	2
7.950400000e-01	2
7.950800000e-01	2
7.951200000e-01	2
7.951600000e-01	2
7.952000000e-01	2
7.952400000e-01	2
7.952800000e-01	2
7.953200000e-01	2
7.953600000e-01	2
7.954000000e-01	2
7.954400000e-01	2
7.954800000e-01	2
7.955200000e-01	2
7.955600000e-01	2
7.956000000e-01	2
7.956400000e-01	2
7.956800000e-01	2
7.957200000e-01	2
7.957600000e-01	2
7.958000000e-01	2
7.958400000e-01	2
7.958800000e-01	2
7.959200000e-01	2
7.959600000e-01	2
7.960000000e-01	2
7.960400000e-01	2
7.960800000e-01	2
7.961200000e-01	2
7.961600000e-01	2
7.962000000e-01	2
7.962400000e-01	2
7.962800000e-01	2
7.963200000e-01	2
7.963600000e-01	2
7.964000000e-01	2
7.964400000e-01	2
7.964800000e-01	2
7.965200000e-01	2
7.965600000e-01	2
7.966000000e-01	2
7.966400000e-01	2
7.966800000e-01	2
7.967200000e-01	2
7.967600000e-01	2
7.968000000e-01	2
7.968400000e-01	2
7.968800000e-01	2
7.969200000e-01	2
7.969600000e-01	2
7.970000000e-01	2
7.970400000e-01	2
7.970800000e-01	2
7.971200000e-01	2
7.971600000e-01	2
7.972000000e-01	2
7.972400000e-01	2
7.972800000e-01	2
7.973200000e-01	2
7.973600000e-01	2
7.974000000e-01	2
7.974400000e-01	2
7.974800000e-01	2
7.975200000e-01	2
7.975600000e-01	2
7.976000000e-01	2
7.976400000e-01	2
7.976800000e-01	2
7.977200000e-01	2
7.977600000e-01	2
7.978000000e-01	2
7.978400000e-01	2
7.978800000e-01	2
7.979200000e-01	2
7.979600000e-01	2
7.980000000e-01	2
7.980400000e-01	2
7.980800000e-01	2
7.981200000e-01	2
7.981600000e-01	2
7.982000000e-01	2
7.982400000e-01	2
7.982800000e-01	2
7.983200000e-01	2
7.983600000e-01	2
7.984000000e-01	2
7.984400000e-01	2
7.984800000e-01	2
7.985200000e-01	2
7.985600000e-01	2
7.986000000e-01	2
7.986400000e-01	2
7.986800000e-01	2
7.987200000e-01	2
7.987600000e-01	2
7.988000000e-01	2
7.988400000e-01	2
7.988800000e-01	2
7.989200000e-01	2
7.989600000e-01	2
7.990000000e-01	2
7.990400000e-01	2
7.990800000e-01	2
7.991200000e-01	2
7.991600000e-01	2
7.992000000e-01	2
7.992400000e-01	2
7.992800000e-01	2
7.993200000e-01	2
7.993600000e-01	2
7.994000000e-01	2
7.994400000e-01	2
7.994800000e-01	2
7.995200000e-01	2
7.995600000e-01	2
7.996000000e-01	2
7.996400000e-01	2
7.996800000e-01	2
7.997200000e-01	2
7.997600000e-01	2
7.998000000e-01	2
7.998400000e-01	2
7.998800000e-01	2
7.999200000e-01	2
7.999600000e-01	2
8.000000000e-01	2
8.000400000e-01	2
8.000800000e-01	2
8.001200000e-01	2
8.001600000e-01	2
8.002000000e-01	2
8.002400000e-01	2
8.002800000e-01	2
8.003200000e-01	2
8.003600000e-01	2
8.004000000e-01	2
8.004400000e-01	2
8.004800000e-01	2
8.005200000e-01	2
8.005600000e-01	2
8.006000000e-01	2
8.006400000e-01	2
8.006800000e-01	2
8.007200000e-01	2
8.007600000e-01	2
8.008000000e-01	2
8.008400000e-01	2
8.008800000e-01	2
8.009200000e-01	2
8.009600000e-01	2
8.010000000e-01	2
8.010400000e-01	2
8.010800000e-01	2
8.011200000e-01	2
8.011600000e-01	2
8.012000000e-01	2
8.012400000e-01	2
8.012800000e-01	2
8.013200000e-01	2
8.013600000e-01	2
8.014000000e-01	2
8.014400000e-01	2
8.014800000e-01	2
8.015200000e-01	2
8.015600000e-01	2
8.016000000e-01	2
8.016400000e-01	2
8.016800000e-01	2
8.017200000e-01	2
8.017600000e-01	2
8.018000000e-01	2
8.018400000e-01	2
8.018800000e-01	2
8.019200000e-01	2
8.019600000e-01	2
8.020000000e-01	2
8.020400000e-01	2
8.020800000e-01	2
8.021200000e-01	2
8.021600000e-01	2
8.022000000e-01	2
8.022400000e-01	2
8.022800000e-01	2
8.023200000e-01	2
8.023600000e-01	2
8.024000000e-01	2
8.024400000e-01	2
8.024800000e-01	2
8.025200000e-01	2
8.025600000e-01	2
8.026000000e-01	2
8.026400000e-01	2
8.026800000e-01	2
8.027200000e-01	2
8.027600000e-01	2
8.028000000e-01	2
8.028400000e-01	2
8.028800000e-01	2
8.029200000e-01	2
8.029600000e-01	2
8.030000000e-01	2
8.030400000e-01	2
8.030800000e-01	2
8.031200000e-01	2
8.031600000e-01	2
8.032000000e-01	2
8.032400000e-01	2
8.032800000e-01	2
8.033200000e-01	2
8.033600000e-01	2
8.034000000e-01	2
8.034400000e-01	2
8.034800000e-01	2
8.035200000e-01	2
8.035600000e-01	2
8.036000000e-01	2
8.036400000e-01	2
8.036800000e-01	2
8.037200000e-01	2
8.037600000e-01	2
8.038000000e-01	2
8.038400000e-01	2
8.038800000e-01	2
8.039200000e-01	2
8.039600000e-01	2
8.040000000e-01	2
8.040400000e-01	2
8.040800000e-01	2
8.041200000e-01	2
8.041600000e-01	2
8.042000000e-01	2
8.042400000e-01	2
8.042800000e-01	2
8.043200000e-01	2
8.043600000e-01	2
8.044000000e-01	2
8.044400000e-01	2
8.044800000e-01	2
8.045200000e-01	2
8.045600000e-01	2
8.046000000e-01	2
8.046400000e-01	2
8.046800000e-01	2
8.047200000e-01	2
8.047600000e-01	2
8.048000000e-01	2
8.048400000e-01	2
8.048800000e-01	2
8.049200000e-01	2
8.049600000e-01	2
8.050000000e-01	2
8.050400000e-01	2
8.050800000e-01	2
8.051200000e-01	2
8.051600000e-01	2
8.052000000e-01	2
8.052400000e-01	2
8.052800000e-01	2
8.053200000e-01	2
8.053600000e-01	2
8.054000000e-01	2
8.054400000e-01	2
8.054800000e-01	2
8.055200000e-01	2
8.055600000e-01	2
8.056000000e-01	2
8.056400000e-01	2
8.056800000e-01	2
8.057200000e-01	2
8.057600000e-01	2
8.058000000e-01	2
8.058400000e-01	2
8.058800000e-01	2
8.059200000e-01	2
8.059600000e-01	2
8.060000000e-01	2
8.060400000e-01	2
8.060800000e-01	2
8.061200000e-01	2
8.061600000e-01	2
8.062000000e-01	2
8.062400000e-01	2
8.062800000e-01	2
8.063200000e-01	2
8.063600000e-01	2
8.064000000e-01	2
8.064400000e-01	2
8.064800000e-01	2
8.065200000e-01	2
8.065600000e-01	2
8.066000000e-01	2
8.066400000e-01	2
8.066800000e-01	2
8.067200000e-01	2
8.067600000e-01	2
8.068000000e-01	2
8.068400000e-01	2
8.068800000e-01	2
8.069200000e-01	2
8.069600000e-01	2
8.070000000e-01	2
8.070400000e-01	2
8.070800000e-01	2
8.071200000e-01	2
8.071600000e-01	2
8.072000000e-01	2
8.072400000e-01	2
8.072800000e-01	2
8.073200000e-01	2
8.073600000e-01	2
8.074000000e-01	2
8.074400000e-01	2
8.074800000e-01	2
8.075200000e-01	2
8.075600000e-01	2
8.076000000e-01	2
8.076400000e-01	2
8.076800000e-01	2
8.077200000e-01	2
8.077600000e-01	2
8.078000000e-01	2
8.078400000e-01	2
8.078800000e-01	2
8.079200000e-01	2
8.079600000e-01	2
8.080000000e-01	2
8.080400000e-01	2
8.080800000e-01	2
8.081200000e-01	2
8.081600000e-01	2
8.082000000e-01	2
8.082400000e-01	2
8.082800000e-01	2
8.083200000e-01	2
8.083600000e-01	2
8.084000000e-01	2
8.084400000e-01	2
8.084800000e-01	2
8.085200000e-01	2
8.085600000e-01	2
8.086000000e-01	2
8.086400000e-01	2
8.086800000e-01	2
8.087200000e-01	2
8.087600000e-01	2
8.088000000e-01	2
8.088400000e-01	2
8.088800000e-01	2
8.089200000e-01	2
8.089600000e-01	2
8.090000000e-01	2
8.090400000e-01	2
8.090800000e-01	2
8.091200000e-01	2
8.091600000e-01	2
8.092000000e-01	2
8.092400000e-01	2
8.092800000e-01	2
8.093200000e-01	2
8.093600000e-01	2
8.094000000e-01	2
8.094400000e-01	2
8.094800000e-01	2
8.095200000e-01	2
8.095600000e-01	2
8.096000000e-01	2
8.096400000e-01	2
8.096800000e-01	2
8.097200000e-01	2
8.097600000e-01	2
8.098000000e-01	2
8.098400000e-01	2
8.098800000e-01	2
8.099200000e-01	2
8.099600000e-01	2
8.100000000e-01	2
8.100400000e-01	2
8.100800000e-01	2
8.101200000e-01	2
8.101600000e-01	2
8.102000000e-01	2
8.102400000e-01	2
8.102800000e-01	2
8.103200000e-01	2
8.103600000e-01	2
8.104000000e-01	2
8.104400000e-01	2
8.104800000e-01	2
8.105200000e-01	2
8.105600000e-01	2
8.106000000e-01	2
8.106400000e-01	2
8.106800000e-01	2
8.107200000e-01	2
8.107600000e-01	2
8.108000000e-01	2
8.108400000e-01	2
8.108800000e-01	2
8.109200000e-01	2
8.109600000e-01	2
8.110000000e-01	2
8.110400000e-01	2
8.110800000e-01	2
8.111200000e-01	2
8.111600000e-01	2
8.112000000e-01	2
8.112400000e-01	2
8.112800000e-01	2
8.113200000e-01	2
8.113600000e-01	2
8.114000000e-01	2
8.114400000e-01	2
8.114800000e-01	2
8.115200000e-01	2
8.115600000e-01	2
8.116000000e-01	2
8.116400000e-01	2
8.116800000e-01	2
8.117200000e-01	2
8.117600000e-01	2
8.118000000e-01	2
8.118400000e-01	2
8.118800000e-01	2
8.119200000e-01	2
8.119600000e-01	2
8.120000000e-01	2
8.120400000e-01	2
8.120800000e-01	2
8.121200000e-01	2
8.121600000e-01	2
8.122000000e-01	2
8.122400000e-01	2
8.122800000e-01	2
8.123200000e-01	2
8.123600000e-01	2
8.124000000e-01	2
8.124400000e-01	2
8.124800000e-01	2
8.125200000e-01	2
8.125600000e-01	2
8.126000000e-01	2
8.126400000e-01	2
8.126800000e-01	2
8.127200000e-01	2
8.127600000e-01	2
8.128000000e-01	2
8.128400000e-01	2
8.128800000e-01	2
8.129200000e-01	2
8.129600000e-01	2
8.130000000e-01	2
8.130400000e-01	2
8.130800000e-01	2
8.131200000e-01	2
8.131600000e-01	2
8.132000000e-01	2
8.132400000e-01	2
8.132800000e-01	2
8.133200000e-01	2
8.133600000e-01	2
8.134000000e-01	2
8.134400000e-01	2
8.134800000e-01	2
8.135200000e-01	2
8.135600000e-01	2
8.136000000e-01	2
8.136400000e-01	2
8.136800000e-01	2
8.137200000e-01	2
8.137600000e-01	2
8.138000000e-01	2
8.138400000e-01	2
8.138800000e-01	2
8.139200000e-01	2
8.139600000e-01	2
8.140000000e-01	2
8.140400000e-01	2
8.140800000e-01	2
8.141200000e-01	2
8.141600000e-01	2
8.142000000e-01	2
8.142400000e-01	2
8.142800000e-01	2
8.143200000e-01	2
8.143600000e-01	2
8.144000000e-01	2
8.144400000e-01	2
8.144800000e-01	2
8.145200000e-01	2
8.145600000e-01	2
8.146000000e-01	2
8.146400000e-01	2
8.146800000e-01	2
8.147200000e-01	2
8.147600000e-01	2
8.148000000e-01	2
8.148400000e-01	2
8.148800000e-01	2
8.149200000e-01	2
8.149600000e-01	2
8.150000000e-01	2
8.150400000e-01	2
8.150800000e-01	2
8.151200000e-01	2
8.151600000e-01	2
8.152000000e-01	2
8.152400000e-01	2
8.152800000e-01	2
8.153200000e-01	2
8.153600000e-01	2
8.154000000e-01	2
8.154400000e-01	2
8.154800000e-01	2
8.155200000e-01	2
8.155600000e-01	2
8.156000000e-01	2
8.156400000e-01	2
8.156800000e-01	2
8.157200000e-01	2
8.157600000e-01	2
8.158000000e-01	2
8.158400000e-01	2
8.158800000e-01	2
8.159200000e-01	2
8.159600000e-01	2
8.160000000e-01	2
8.160400000e-01	2
8.160800000e-01	2
8.161200000e-01	2
8.161600000e-01	2
8.162000000e-01	2
8.162400000e-01	2
8.162800000e-01	2
8.163200000e-01	2
8.163600000e-01	2
8.164000000e-01	2
8.164400000e-01	2
8.164800000e-01	2
8.165200000e-01	2
8.165600000e-01	2
8.166000000e-01	2
8.166400000e-01	2
8.166800000e-01	2
8.167200000e-01	2
8.167600000e-01	2
8.168000000e-01	2
8.168400000e-01	2
8.168800000e-01	2
8.169200000e-01	2
8.169600000e-01	2
8.170000000e-01	2
8.170400000e-01	2
8.170800000e-01	2
8.171200000e-01	2
8.171600000e-01	2
8.172000000e-01	2
8.172400000e-01	2
8.172800000e-01	2
8.173200000e-01	2
8.173600000e-01	2
8.174000000e-01	2
8.174400000e-01	2
8.174800000e-01	2
8.175200000e-01	2
8.175600000e-01	2
8.176000000e-01	2
8.176400000e-01	2
8.176800000e-01	2
8.177200000e-01	2
8.177600000e-01	2
8.178000000e-01	2
8.178400000e-01	2
8.178800000e-01	2
8.179200000e-01	2
8.179600000e-01	2
8.180000000e-01	2
8.180400000e-01	2
8.180800000e-01	2
8.181200000e-01	2
8.181600000e-01	2
8.182000000e-01	2
8.182400000e-01	2
8.182800000e-01	2
8.183200000e-01	2
8.183600000e-01	2
8.184000000e-01	2
8.184400000e-01	2
8.184800000e-01	2
8.185200000e-01	2
8.185600000e-01	2
8.186000000e-01	2
8.186400000e-01	2
8.186800000e-01	2
8.187200000e-01	2
8.187600000e-01	2
8.188000000e-01	2
8.188400000e-01	2
8.188800000e-01	2
8.189200000e-01	2
8.189600000e-01	2
8.190000000e-01	2
8.190400000e-01	2
8.190800000e-01	2
8.191200000e-01	2
8.191600000e-01	2
8.192000000e-01	2
8.192400000e-01	2
8.192800000e-01	2
8.193200000e-01	2
8.193600000e-01	2
8.194000000e-01	2
8.194400000e-01	2
8.194800000e-01	2
8.195200000e-01	2
8.195600000e-01	2
8.196000000e-01	2
8.196400000e-01	2
8.196800000e-01	2
8.197200000e-01	2
8.197600000e-01	2
8.198000000e-01	2
8.198400000e-01	2
8.198800000e-01	2
8.199200000e-01	2
8.199600000e-01	2
8.200000000e-01	2
8.200400000e-01	2
8.200800000e-01	2
8.201200000e-01	2
8.201600000e-01	2
8.202000000e-01	2
8.202400000e-01	2
8.202800000e-01	2
8.203200000e-01	2
8.203600000e-01	2
8.204000000e-01	2
8.204400000e-01	2
8.204800000e-01	2
8.205200000e-01	2
8.205600000e-01	2
8.206000000e-01	2
8.206400000e-01	2
8.206800000e-01	2
8.207200000e-01	2
8.207600000e-01	2
8.208000000e-01	2
8.208400000e-01	2
8.208800000e-01	2
8.209200000e-01	2
8.209600000e-01	2
8.210000000e-01	2
8.210400000e-01	2
8.210800000e-01	2
8.211200000e-01	2
8.211600000e-01	2
8.212000000e-01	2
8.212400000e-01	2
8.212800000e-01	2
8.213200000e-01	2
8.213600000e-01	2
8.214000000e-01	2
8.214400000e-01	2
8.214800000e-01	2
8.215200000e-01	2
8.215600000e-01	2
8.216000000e-01	2
8.216400000e-01	2
8.216800000e-01	2
8.217200000e-01	2
8.217600000e-01	2
8.218000000e-01	2
8.218400000e-01	2
8.218800000e-01	2
8.219200000e-01	2
8.219600000e-01	2
8.220000000e-01	2
8.220400000e-01	2
8.220800000e-01	2
8.221200000e-01	2
8.221600000e-01	2
8.222000000e-01	2
8.222400000e-01	2
8.222800000e-01	2
8.223200000e-01	2
8.223600000e-01	2
8.224000000e-01	2
8.224400000e-01	2
8.224800000e-01	2
8.225200000e-01	2
8.225600000e-01	2
8.226000000e-01	2
8.226400000e-01	2
8.226800000e-01	2
8.227200000e-01	2
8.227600000e-01	2
8.228000000e-01	2
8.228400000e-01	2
8.228800000e-01	2
8.229200000e-01	2
8.229600000e-01	2
8.230000000e-01	2
8.230400000e-01	2
8.230800000e-01	2
8.231200000e-01	2
8.231600000e-01	2
8.232000000e-01	2
8.232400000e-01	2
8.232800000e-01	2
8.233200000e-01	2
8.233600000e-01	2
8.234000000e-01	2
8.234400000e-01	2
8.234800000e-01	2
8.235200000e-01	2
8.235600000e-01	2
8.236000000e-01	2
8.236400000e-01	2
8.236800000e-01	2
8.237200000e-01	2
8.237600000e-01	2
8.238000000e-01	2
8.238400000e-01	2
8.238800000e-01	2
8.239200000e-01	2
8.239600000e-01	2
8.240000000e-01	2
8.240400000e-01	2
8.240800000e-01	2
8.241200000e-01	2
8.241600000e-01	2
8.242000000e-01	2
8.242400000e-01	2
8.242800000e-01	2
8.243200000e-01	2
8.243600000e-01	2
8.244000000e-01	2
8.244400000e-01	2
8.244800000e-01	2
8.245200000e-01	2
8.245600000e-01	2
8.246000000e-01	2
8.246400000e-01	2
8.246800000e-01	2
8.247200000e-01	2
8.247600000e-01	2
8.248000000e-01	2
8.248400000e-01	2
8.248800000e-01	2
8.249200000e-01	2
8.249600000e-01	2
8.250000000e-01	2
8.250400000e-01	2
8.250800000e-01	2
8.251200000e-01	2
8.251600000e-01	2
8.252000000e-01	2
8.252400000e-01	2
8.252800000e-01	2
8.253200000e-01	2
8.253600000e-01	2
8.254000000e-01	2
8.254400000e-01	2
8.254800000e-01	2
8.255200000e-01	2
8.255600000e-01	2
8.256000000e-01	2
8.256400000e-01	2
8.256800000e-01	2
8.257200000e-01	2
8.257600000e-01	2
8.258000000e-01	2
8.258400000e-01	2
8.258800000e-01	2
8.259200000e-01	2
8.259600000e-01	2
8.260000000e-01	2
8.260400000e-01	2
8.260800000e-01	2
8.261200000e-01	2
8.261600000e-01	2
8.262000000e-01	2
8.262400000e-01	2
8.262800000e-01	2
8.263200000e-01	2
8.263600000e-01	2
8.264000000e-01	2
8.264400000e-01	2
8.264800000e-01	2
8.265200000e-01	2
8.265600000e-01	2
8.266000000e-01	2
8.266400000e-01	2
8.266800000e-01	2
8.267200000e-01	2
8.267600000e-01	2
8.268000000e-01	2
8.268400000e-01	2
8.268800000e-01	2
8.269200000e-01	2
8.269600000e-01	2
8.270000000e-01	2
8.270400000e-01	2
8.270800000e-01	2
8.271200000e-01	2
8.271600000e-01	2
8.272000000e-01	2
8.272400000e-01	2
8.272800000e-01	2
8.273200000e-01	2
8.273600000e-01	2
8.274000000e-01	2
8.274400000e-01	2
8.274800000e-01	2
8.275200000e-01	2
8.275600000e-01	2
8.276000000e-01	2
8.276400000e-01	2
8.276800000e-01	2
8.277200000e-01	2
8.277600000e-01	2
8.278000000e-01	2
8.278400000e-01	2
8.278800000e-01	2
8.279200000e-01	2
8.279600000e-01	2
8.280000000e-01	2
8.280400000e-01	2
8.280800000e-01	2
8.281200000e-01	2
8.281600000e-01	2
8.282000000e-01	2
8.282400000e-01	2
8.282800000e-01	2
8.283200000e-01	2
8.283600000e-01	2
8.284000000e-01	2
8.284400000e-01	2
8.284800000e-01	2
8.285200000e-01	2
8.285600000e-01	2
8.286000000e-01	2
8.286400000e-01	2
8.286800000e-01	2
8.287200000e-01	2
8.287600000e-01	2
8.288000000e-01	2
8.288400000e-01	2
8.288800000e-01	2
8.289200000e-01	2
8.289600000e-01	2
8.290000000e-01	2
8.290400000e-01	2
8.290800000e-01	2
8.291200000e-01	2
8.291600000e-01	2
8.292000000e-01	2
8.292400000e-01	2
8.292800000e-01	2
8.293200000e-01	2
8.293600000e-01	2
8.294000000e-01	2
8.294400000e-01	2
8.294800000e-01	2
8.295200000e-01	2
8.295600000e-01	2
8.296000000e-01	2
8.296400000e-01	2
8.296800000e-01	2
8.297200000e-01	2
8.297600000e-01	2
8.298000000e-01	2
8.298400000e-01	2
8.298800000e-01	2
8.299200000e-01	2
8.299600000e-01	2
8.300000000e-01	2
8.300400000e-01	2
8.300800000e-01	2
8.301200000e-01	2
8.301600000e-01	2
8.302000000e-01	2
8.302400000e-01	2
8.302800000e-01	2
8.303200000e-01	2
8.303600000e-01	2
8.304000000e-01	2
8.304400000e-01	2
8.304800000e-01	2
8.305200000e-01	2
8.305600000e-01	2
8.306000000e-01	2
8.306400000e-01	2
8.306800000e-01	2
8.307200000e-01	2
8.307600000e-01	2
8.308000000e-01	2
8.308400000e-01	2
8.308800000e-01	2
8.309200000e-01	2
8.309600000e-01	2
8.310000000e-01	2
8.310400000e-01	2
8.310800000e-01	2
8.311200000e-01	2
8.311600000e-01	2
8.312000000e-01	2
8.312400000e-01	2
8.312800000e-01	2
8.313200000e-01	2
8.313600000e-01	2
8.314000000e-01	2
8.314400000e-01	2
8.314800000e-01	2
8.315200000e-01	2
8.315600000e-01	2
8.316000000e-01	2
8.316400000e-01	2
8.316800000e-01	2
8.317200000e-01	2
8.317600000e-01	2
8.318000000e-01	2
8.318400000e-01	2
8.318800000e-01	2
8.319200000e-01	2
8.319600000e-01	2
8.320000000e-01	2
8.320400000e-01	2
8.320800000e-01	2
8.321200000e-01	2
8.321600000e-01	2
8.322000000e-01	2
8.322400000e-01	2
8.322800000e-01	2
8.323200000e-01	2
8.323600000e-01	2
8.324000000e-01	2
8.324400000e-01	2
8.324800000e-01	2
8.325200000e-01	2
8.325600000e-01	2
8.326000000e-01	2
8.326400000e-01	2
8.326800000e-01	2
8.327200000e-01	2
8.327600000e-01	2
8.328000000e-01	2
8.328400000e-01	2
8.328800000e-01	2
8.329200000e-01	2
8.329600000e-01	2
8.330000000e-01	2
8.330400000e-01	2
8.330800000e-01	2
8.331200000e-01	2
8.331600000e-01	2
8.332000000e-01	3
8.332400000e-01	4
8.332800000e-01	4
8.333200000e-01	4
8.333600000e-01	4
8.334000000e-01	4
8.334400000e-01	4
8.334800000e-01	4
8.335200000e-01	4
8.335600000e-01	4
8.336000000e-01	4
8.336400000e-01	4
8.336800000e-01	4
8.337200000e-01	4
8.337600000e-01	4
8.338000000e-01	4
8.338400000e-01	4
8.338800000e-01	4
8.339200000e-01	4
8.339600000e-01	4
8.340000000e-01	4
8.340400000e-01	4
8.340800000e-01	4
8.341200000e-01	4
8.341600000e-01	4
8.342000000e-01	4
8.342400000e-01	4
8.342800000e-01	4
8.343200000e-01	4
8.343600000e-01	4
8.344000000e-01	4
8.344400000e-01	4
8.344800000e-01	4
8.345200000e-01	4
8.345600000e-01	4
8.346000000e-01	4
8.346400000e-01	4
8.346800000e-01	4
8.347200000e-01	4
8.347600000e-01	4
8.348000000e-01	4
8.348400000e-01	4
8.348800000e-01	4
8.349200000e-01	4
8.349600000e-01	4
8.350000000e-01	4
8.350400000e-01	4
8.350800000e-01	4
8.351200000e-01	4
8.351600000e-01	4
8.352000000e-01	4
8.352400000e-01	4
8.352800000e-01	4
8.353200000e-01	4
8.353600000e-01	4
8.354000000e-01	4
8.354400000e-01	4
8.354800000e-01	4
8.355200000e-01	4
8.355600000e-01	4
8.356000000e-01	4
8.356400000e-01	4
8.356800000e-01	4
8.357200000e-01	4
8.357600000e-01	4
8.358000000e-01	4
8.358400000e-01	4
8.358800000e-01	4
8.359200000e-01	4
8.359600000e-01	4
8.360000000e-01	4
8.360400000e-01	4
8.360800000e-01	4
8.361200000e-01	4
8.361600000e-01	4
8.362000000e-01	4
8.362400000e-01	4
8.362800000e-01	4
8.363200000e-01	4
8.363600000e-01	4
8.364000000e-01	4
8.364400000e-01	4
8.364800000e-01	4
8.365200000e-01	4
8.365600000e-01	4
8.366000000e-01	4
8.366400000e-01	4
8.366800000e-01	4
8.367200000e-01	4
8.367600000e-01	4
8.368000000e-01	4
8.368400000e-01	4
8.368800000e-01	4
8.369200000e-01	4
8.369600000e-01	4
8.370000000e-01	4
8.370400000e-01	4
8.370800000e-01	4
8.371200000e-01	4
8.371600000e-01	4
8.372000000e-01	4
8.372400000e-01	4
8.372800000e-01	4
8.373200000e-01	4
8.373600000e-01	4
8.374000000e-01	4
8.374400000e-01	4
8.374800000e-01	4
8.375200000e-01	4
8.375600000e-01	4
8.376000000e-01	4
8.376400000e-01	4
8.376800000e-01	4
8.377200000e-01	4
8.377600000e-01	4
8.378000000e-01	4
8.378400000e-01	4
8.378800000e-01	4
8.379200000e-01	4
8.379600000e-01	4
8.380000000e-01	4
8.380400000e-01	4
8.380800000e-01	4
8.381200000e-01	4
8.381600000e-01	4
8.382000000e-01	4
8.382400000e-01	4
8.382800000e-01	4
8.383200000e-01	4
8.383600000e-01	4
8.384000000e-01	4
8.384400000e-01	4
8.384800000e-01	4
8.385200000e-01	4
8.385600000e-01	4
8.386000000e-01	4
8.386400000e-01	4
8.386800000e-01	4
8.387200000e-01	4
8.387600000e-01	4
8.388000000e-01	4
8.388400000e-01	4
8.388800000e-01	4
8.389200000e-01	4
8.389600000e-01	4
8.390000000e-01	4
8.390400000e-01	4
8.390800000e-01	4
8.391200000e-01	4
8.391600000e-01	4
8.392000000e-01	4
8.392400000e-01	4
8.392800000e-01	4
8.393200000e-01	4
8.393600000e-01	4
8.394000000e-01	4
8.394400000e-01	4
8.394800000e-01	4
8.395200000e-01	4
8.395600000e-01	4
8.396000000e-01	4
8.396400000e-01	4
8.396800000e-01	4
8.397200000e-01	4
8.397600000e-01	4
8.398000000e-01	4
8.398400000e-01	4
8.398800000e-01	4
8.399200000e-01	4
8.399600000e-01	4
8.400000000e-01	4
8.400400000e-01	4
8.400800000e-01	4
8.401200000e-01	4
8.401600000e-01	4
8.402000000e-01	4
8.402400000e-01	4
8.402800000e-01	4
8.403200000e-01	4
8.403600000e-01	4
8.404000000e-01	4
8.404400000e-01	4
8.404800000e-01	4
8.405200000e-01	4
8.405600000e-01	4
8.406000000e-01	4
8.406400000e-01	4
8.406800000e-01	4
8.407200000e-01	4
8.407600000e-01	4
8.408000000e-01	4
8.408400000e-01	4
8.408800000e-01	4
8.409200000e-01	4
8.409600000e-01	4
8.410000000e-01	4
8.410400000e-01	4
8.410800000e-01	4
8.411200000e-01	4
8.411600000e-01	4
8.412000000e-01	4
8.412400000e-01	4
8.412800000e-01	4
8.413200000e-01	4
8.413600000e-01	4
8.414000000e-01	4
8.414400000e-01	4
8.414800000e-01	4
8.415200000e-01	4
8.415600000e-01	4
8.416000000e-01	4
8.416400000e-01	4
8.416800000e-01	4
8.417200000e-01	4
8.417600000e-01	4
8.418000000e-01	4
8.418400000e-01	4
8.418800000e-01	4
8.419200000e-01	4
8.419600000e-01	4
8.420000000e-01	4
8.420400000e-01	4
8.420800000e-01	4
8.421200000e-01	4
8.421600000e-01	4
8.422000000e-01	4
8.422400000e-01	4
8.422800000e-01	4
8.423200000e-01	4
8.423600000e-01	4
8.424000000e-01	4
8.424400000e-01	4
8.424800000e-01	4
8.425200000e-01	4
8.425600000e-01	4
8.426000000e-01	4
8.426400000e-01	4
8.426800000e-01	4
8.427200000e-01	4
8.427600000e-01	4
8.428000000e-01	4
8.428400000e-01	4
8.428800000e-01	4
8.429200000e-01	4
8.429600000e-01	4
8.430000000e-01	4
8.430400000e-01	4
8.430800000e-01	4
8.431200000e-01	4
8.431600000e-01	4
8.432000000e-01	4
8.432400000e-01	4
8.432800000e-01	4
8.433200000e-01	4
8.433600000e-01	4
8.434000000e-01	4
8.434400000e-01	4
8.434800000e-01	4
8.435200000e-01	4
8.435600000e-01	4
8.436000000e-01	4
8.436400000e-01	4
8.436800000e-01	4
8.437200000e-01	4
8.437600000e-01	4
8.438000000e-01	4
8.438400000e-01	4
8.438800000e-01	4
8.439200000e-01	4
8.439600000e-01	4
8.440000000e-01	4
8.440400000e-01	4
8.440800000e-01	4
8.441200000e-01	4
8.441600000e-01	4
8.442000000e-01	4
8.442400000e-01	4
8.442800000e-01	4
8.443200000e-01	4
8.443600000e-01	4
8.444000000e-01	4
8.444400000e-01	4
8.444800000e-01	4
8.445200000e-01	4
8.445600000e-01	4
8.446000000e-01	4
8.446400000e-01	4
8.446800000e-01	4
8.447200000e-01	4
8.447600000e-01	4
8.448000000e-01	4
8.448400000e-01	4
8.448800000e-01	4
8.449200000e-01	4
8.449600000e-01	4
8.450000000e-01	4
8.450400000e-01	4
8.450800000e-01	4
8.451200000e-01	4
8.451600000e-01	4
8.452000000e-01	4
8.452400000e-01	4
8.452800000e-01	4
8.453200000e-01	4
8.453600000e-01	4
8.454000000e-01	4
8.454400000e-01	4
8.454800000e-01	4
8.455200000e-01	4
8.455600000e-01	4
8.456000000e-01	4
8.456400000e-01	4
8.456800000e-01	4
8.457200000e-01	4
8.457600000e-01	4
8.458000000e-01	4
8.458400000e-01	4
8.458800000e-01	4
8.459200000e-01	4
8.459600000e-01	4
8.460000000e-01	4
8.460400000e-01	4
8.460800000e-01	4
8.461200000e-01	4
8.461600000e-01	4
8.462000000e-01	4
8.462400000e-01	4
8.462800000e-01	4
8.463200000e-01	4
8.463600000e-01	4
8.464000000e-01	4
8.464400000e-01	4
8.464800000e-01	4
8.465200000e-01	4
8.465600000e-01	4
8.466000000e-01	4
8.466400000e-01	4
8.466800000e-01	4
8.467200000e-01	4
8.467600000e-01	4
8.468000000e-01	4
8.468400000e-01	4
8.468800000e-01	4
8.469200000e-01	4
8.469600000e-01	4
8.470000000e-01	4
8.470400000e-01	4
8.470800000e-01	4
8.471200000e-01	4
8.471600000e-01	4
8.472000000e-01	4
8.472400000e-01	4
8.472800000e-01	4
8.473200000e-01	4
8.473600000e-01	4
8.474000000e-01	4
8.474400000e-01	4
8.474800000e-01	4
8.475200000e-01	4
8.475600000e-01	4
8.476000000e-01	4
8.476400000e-01	4
8.476800000e-01	4
8.477200000e-01	4
8.477600000e-01	4
8.478000000e-01	4
8.478400000e-01	4
8.478800000e-01	4
8.479200000e-01	4
8.479600000e-01	4
8.480000000e-01	4
8.480400000e-01	4
8.480800000e-01	4
8.481200000e-01	4
8.481600000e-01	4
8.482000000e-01	4
8.482400000e-01	4
8.482800000e-01	4
8.483200000e-01	4
8.483600000e-01	4
8.484000000e-01	4
8.484400000e-01	4
8.484800000e-01	4
8.485200000e-01	4
8.485600000e-01	4
8.486000000e-01	4
8.486400000e-01	4
8.486800000e-01	4
8.487200000e-01	4
8.487600000e-01	4
8.488000000e-01	4
8.488400000e-01	4
8.488800000e-01	4
8.489200000e-01	4
8.489600000e-01	4
8.490000000e-01	4
8.490400000e-01	4
8.490800000e-01	4
8.491200000e-01	4
8.491600000e-01	4
8.492000000e-01	4
8.492400000e-01	4
8.492800000e-01	4
8.493200000e-01	4
8.493600000e-01	4
8.494000000e-01	4
8.494400000e-01	4
8.494800000e-01	4
8.495200000e-01	4
8.495600000e-01	4
8.496000000e-01	4
8.496400000e-01	4
8.496800000e-01	4
8.497200000e-01	4
8.497600000e-01	4
8.498000000e-01	4
8.498400000e-01	4
8.498800000e-01	4
8.499200000e-01	4
8.499600000e-01	4
8.500000000e-01	4
8.500400000e-01	4
8.500800000e-01	4
8.501200000e-01	4
8.501600000e-01	4
8.502000000e-01	4
8.502400000e-01	4
8.502800000e-01	4
8.503200000e-01	4
8.503600000e-01	4
8.504000000e-01	4
8.504400000e-01	4
8.504800000e-01	4
8.505200000e-01	4
8.505600000e-01	4
8.506000000e-01	4
8.506400000e-01	4
8.506800000e-01	4
8.507200000e-01	4
8.507600000e-01	4
8.508000000e-01	4
8.508400000e-01	4
8.508800000e-01	4
8.509200000e-01	4
8.509600000e-01	4
8.510000000e-01	4
8.510400000e-01	4
8.510800000e-01	4
8.511200000e-01	4
8.511600000e-01	4
8.512000000e-01	4
8.512400000e-01	4
8.512800000e-01	4
8.513200000e-01	4
8.513600000e-01	4
8.514000000e-01	4
8.514400000e-01	4
8.514800000e-01	4
8.515200000e-01	4
8.515600000e-01	4
8.516000000e-01	4
8.516400000e-01	4
8.516800000e-01	4
8.517200000e-01	4
8.517600000e-01	4
8.518000000e-01	4
8.518400000e-01	4
8.518800000e-01	4
8.519200000e-01	4
8.519600000e-01	4
8.520000000e-01	4
8.520400000e-01	4
8.520800000e-01	4
8.521200000e-01	4
8.521600000e-01	4
8.522000000e-01	4
8.522400000e-01	4
8.522800000e-01	4
8.523200000e-01	4
8.523600000e-01	4
8.524000000e-01	4
8.524400000e-01	4
8.524800000e-01	4
8.525200000e-01	4
8.525600000e-01	4
8.526000000e-01	4
8.526400000e-01	4
8.526800000e-01	4
8.527200000e-01	4
8.527600000e-01	4
8.528000000e-01	4
8.528400000e-01	4
8.528800000e-01	4
8.529200000e-01	4
8.529600000e-01	4
8.530000000e-01	4
8.530400000e-01	4
8.530800000e-01	4
8.531200000e-01	4
8.531600000e-01	4
8.532000000e-01	4
8.532400000e-01	4
8.532800000e-01	4
8.533200000e-01	4
8.533600000e-01	4
8.534000000e-01	4
8.534400000e-01	4
8.534800000e-01	4
8.535200000e-01	4
8.535600000e-01	4
8.536000000e-01	4
8.536400000e-01	4
8.536800000e-01	4
8.537200000e-01	4
8.537600000e-01	4
8.538000000e-01	4
8.538400000e-01	4
8.538800000e-01	4
8.539200000e-01	4
8.539600000e-01	4
8.540000000e-01	4
8.540400000e-01	4
8.540800000e-01	4
8.541200000e-01	4
8.541600000e-01	4
8.542000000e-01	4
8.542400000e-01	4
8.542800000e-01	4
8.543200000e-01	4
8.543600000e-01	4
8.544000000e-01	4
8.544400000e-01	4
8.544800000e-01	4
8.545200000e-01	4
8.545600000e-01	4
8.546000000e-01	4
8.546400000e-01	4
8.546800000e-01	4
8.547200000e-01	4
8.547600000e-01	4
8.548000000e-01	4
8.548400000e-01	4
8.548800000e-01	4
8.549200000e-01	4
8.549600000e-01	4
8.550000000e-01	4
8.550400000e-01	4
8.550800000e-01	4
8.551200000e-01	4
8.551600000e-01	4
8.552000000e-01	4
8.552400000e-01	4
8.552800000e-01	4
8.553200000e-01	4
8.553600000e-01	4
8.554000000e-01	4
8.554400000e-01	4
8.554800000e-01	4
8.555200000e-01	4
8.555600000e-01	4
8.556000000e-01	4
8.556400000e-01	4
8.556800000e-01	4
8.557200000e-01	4
8.557600000e-01	4
8.558000000e-01	4
8.558400000e-01	4
8.558800000e-01	4
8.559200000e-01	4
8.559600000e-01	4
8.560000000e-01	4
8.560400000e-01	4
8.560800000e-01	4
8.561200000e-01	4
8.561600000e-01	4
8.562000000e-01	4
8.562400000e-01	4
8.562800000e-01	4
8.563200000e-01	4
8.563600000e-01	4
8.564000000e-01	4
8.564400000e-01	4
8.564800000e-01	4
8.565200000e-01	4
8.565600000e-01	4
8.566000000e-01	4
8.566400000e-01	4
8.566800000e-01	4
8.567200000e-01	4
8.567600000e-01	4
8.568000000e-01	4
8.568400000e-01	4
8.568800000e-01	4
8.569200000e-01	4
8.569600000e-01	4
8.570000000e-01	4
8.570400000e-01	4
8.570800000e-01	4
8.571200000e-01	4
8.571600000e-01	4
8.572000000e-01	4
8.572400000e-01	4
8.572800000e-01	4
8.573200000e-01	4
8.573600000e-01	4
8.574000000e-01	4
8.574400000e-01	4
8.574800000e-01	4
8.575200000e-01	4
8.575600000e-01	4
8.576000000e-01	4
8.576400000e-01	4
8.576800000e-01	4
8.577200000e-01	4
8.577600000e-01	4
8.578000000e-01	4
8.578400000e-01	4
8.578800000e-01	4
8.579200000e-01	4
8.579600000e-01	4
8.580000000e-01	4
8.580400000e-01	4
8.580800000e-01	4
8.581200000e-01	4
8.581600000e-01	4
8.582000000e-01	4
8.582400000e-01	4
8.582800000e-01	4
8.583200000e-01	4
8.583600000e-01	4
8.584000000e-01	4
8.584400000e-01	4
8.584800000e-01	4
8.585200000e-01	4
8.585600000e-01	4
8.586000000e-01	8
8.586400000e-01	8
8.586800000e-01	8
8.587200000e-01	8
8.587600000e-01	8
8.588000000e-01	8
8.588400000e-01	8
8.588800000e-01	8
8.589200000e-01	8
8.589600000e-01	8
8.590000000e-01	8
8.590400000e-01	8
8.590800000e-01	8
8.591200000e-01	8
8.591600000e-01	8
8.592000000e-01	8
8.592400000e-01	8
8.592800000e-01	8
8.593200000e-01	8
8.593600000e-01	8
8.594000000e-01	8
8.594400000e-01	8
8.594800000e-01	8
8.595200000e-01	8
8.595600000e-01	8
8.596000000e-01	8
8.596400000e-01	8
8.596800000e-01	8
8.597200000e-01	8
8.597600000e-01	8
8.598000000e-01	8
8.598400000e-01	8
8.598800000e-01	8
8.599200000e-01	8
8.599600000e-01	8
8.600000000e-01	8
8.600400000e-01	8
8.600800000e-01	8
8.601200000e-01	8
8.601600000e-01	8
8.602000000e-01	8
8.602400000e-01	8
8.602800000e-01	8
8.603200000e-01	8
8.603600000e-01	8
8.604000000e-01	8
8.604400000e-01	8
8.604800000e-01	8
8.605200000e-01	8
8.605600000e-01	8
8.606000000e-01	8
8.606400000e-01	8
8.606800000e-01	8
8.607200000e-01	8
8.607600000e-01	8
8.608000000e-01	8
8.608400000e-01	8
8.608800000e-01	8
8.609200000e-01	8
8.609600000e-01	8
8.610000000e-01	8
8.610400000e-01	8
8.610800000e-01	8
8.611200000e-01	8
8.611600000e-01	8
8.612000000e-01	8
8.612400000e-01	8
8.612800000e-01	8
8.613200000e-01	8
8.613600000e-01	8
8.614000000e-01	8
8.614400000e-01	8
8.614800000e-01	8
8.615200000e-01	8
8.615600000e-01	8
8.616000000e-01	8
8.616400000e-01	8
8.616800000e-01	8
8.617200000e-01	8
8.617600000e-01	8
8.618000000e-01	8
8.618400000e-01	8
8.618800000e-01	8
8.619200000e-01	8
8.619600000e-01	8
8.620000000e-01	8
8.620400000e-01	8
8.620800000e-01	8
8.621200000e-01	8
8.621600000e-01	8
8.622000000e-01	8
8.622400000e-01	8
8.622800000e-01	8
8.623200000e-01	8
8.623600000e-01	8
8.624000000e-01	8
8.624400000e-01	8
8.624800000e-01	8
8.625200000e-01	8
8.625600000e-01	8
8.626000000e-01	8
8.626400000e-01	8
8.626800000e-01	8
8.627200000e-01	8
8.627600000e-01	8
8.628000000e-01	8
8.628400000e-01	8
8.628800000e-01	8
8.629200000e-01	8
8.629600000e-01	8
8.630000000e-01	8
8.630400000e-01	8
8.630800000e-01	8
8.631200000e-01	8
8.631600000e-01	8
8.632000000e-01	8
8.632400000e-01	8
8.632800000e-01	8
8.633200000e-01	8
8.633600000e-01	8
8.634000000e-01	8
8.634400000e-01	8
8.634800000e-01	8
8.635200000e-01	8
8.635600000e-01	8
8.636000000e-01	8
8.636400000e-01	8
8.636800000e-01	8
8.637200000e-01	8
8.637600000e-01	8
8.638000000e-01	8
8.638400000e-01	8
8.638800000e-01	8
8.639200000e-01	8
8.639600000e-01	8
8.640000000e-01	8
8.640400000e-01	8
8.640800000e-01	16
8.641200000e-01	16
8.641600000e-01	16
8.642000000e-01	16
8.642400000e-01	16
8.642800000e-01	16
8.643200000e-01	16
8.643600000e-01	16
8.644000000e-01	16
8.644400000e-01	16
8.644800000e-01	16
8.645200000e-01	16
8.645600000e-01	16
8.646000000e-01	16
8.646400000e-01	16
8.646800000e-01	16
8.647200000e-01	16
8.647600000e-01	16
8.648000000e-01	16
8.648400000e-01	16
8.648800000e-01	16
8.649200000e-01	16
8.649600000e-01	16
8.650000000e-01	16
8.650400000e-01	16
8.650800000e-01	16
8.651200000e-01	16
8.651600000e-01	16
8.652000000e-01	16
8.652400000e-01	16
8.652800000e-01	32
8.653200000e-01	32
8.653600000e-01	32
8.654000000e-01	32
8.654400000e-01	32
8.654800000e-01	32
8.655200000e-01	64
8.655600000e-01	64
8.656000000e-01	100
8.656400000e-01	100
8.656800000e-01	99
8.657200000e-01	100
8.657600000e-01	100
8.658000000e-01	100
8.658400000e-01	100
8.658800000e-01	100
8.659200000e-01	91
8.659600000e-01	94
8.660000000e-01	100
8.660400000e-01	100
8.660800000e-01	100
8.661200000e-01	56
8.661600000e-01	100
8.662000000e-01	100
8.662400000e-01	99
8.662800000e-01	24
8.663200000e-01	24
8.663600000e-01	84
8.664000000e-01	99
8.664400000e-01	84
8.664800000e-01	100
8.665200000e-01	100
8.665600000e-01	100
8.666000000e-01	99
8.666400000e-01	100
8.666800000e-01	100
8.667200000e-01	100
8.667600000e-01	100
8.668000000e-01	100
8.668400000e-01	98
8.668800000e-01	100
8.669200000e-01	100
8.669600000e-01	100
8.670000000e-01	100
8.670400000e-01	100
8.670800000e-01	100
8.671200000e-01	100
8.671600000e-01	100
8.672000000e-01	100
8.672400000e-01	100
8.672800000e-01	96
8.673200000e-01	100
8.673600000e-01	100
8.674000000e-01	100
8.674400000e-01	100
8.674800000e-01	100
8.675200000e-01	100
8.675600000e-01	100
8.676000000e-01	100
8.676400000e-01	20
8.676800000e-01	40
8.677200000e-01	100
8.677600000e-01	100
8.678000000e-01	100
8.678400000e-01	100
8.678800000e-01	100
8.679200000e-01	100
8.679600000e-01	100
8.680000000e-01	99
8.680400000e-01	100
8.680800000e-01	99
8.681200000e-01	100
8.681600000e-01	100
8.682000000e-01	100
8.682400000e-01	100
8.682800000e-01	83
8.683200000e-01	100
8.683600000e-01	100
8.684000000e-01	95
8.684400000e-01	100
8.684800000e-01	100
8.685200000e-01	100
8.685600000e-01	100
8.686000000e-01	100
8.686400000e-01	100
8.686800000e-01	100
8.687200000e-01	100
8.687600000e-01	100
8.688000000e-01	100
8.688400000e-01	100
8.688800000e-01	12
8.689200000e-01	12
8.689600000e-01	12
8.690000000e-01	12
8.690400000e-01	12
8.690800000e-01	24
8.691200000e-01	24
8.691600000e-01	47
8.692000000e-01	99
8.692400000e-01	94
8.692800000e-01	64
8.693200000e-01	98
8.693600000e-01	100
8.694000000e-01	100
8.694400000e-01	99
8.694800000e-01	100
8.695200000e-01	100
8.695600000e-01	100
8.696000000e-01	100
8.696400000e-01	97
8.696800000e-01	100
8.697200000e-01	100
8.697600000e-01	100
8.698000000e-01	97
8.698400000e-01	100
8.698800000e-01	100
8.699200000e-01	100
8.699600000e-01	100
8.700000000e-01	20
8.700400000e-01	100
8.700800000e-01	98
8.701200000e-01	100
8.701600000e-01	100
8.702000000e-01	100
8.702400000e-01	100
8.702800000e-01	100
8.703200000e-01	100
8.703600000e-01	100
8.704000000e-01	100
8.704400000e-01	100
8.704800000e-01	100
8.705200000e-01	100
8.705600000e-01	100
8.706000000e-01	98
8.706400000e-01	100
8.706800000e-01	100
8.707200000e-01	100
8.707600000e-01	100
8.708000000e-01	100
8.708400000e-01	100
8.708800000e-01	79
8.709200000e-01	100
8.709600000e-01	100
8.710000000e-01	100
8.710400000e-01	100
8.710800000e-01	100
8.711200000e-01	100
8.711600000e-01	100
8.712000000e-01	100
8.712400000e-01	100
8.712800000e-01	100
8.713200000e-01	97
8.713600000e-01	100
8.714000000e-01	100
8.714400000e-01	100
8.714800000e-01	100
8.715200000e-01	100
8.715600000e-01	99
8.716000000e-01	100
8.716400000e-01	100
8.716800000e-01	100
8.717200000e-01	100
8.717600000e-01	100
8.718000000e-01	100
8.718400000e-01	100
8.718800000e-01	100
8.719200000e-01	100
8.719600000e-01	100
8.720000000e-01	99
8.720400000e-01	100
8.720800000e-01	99
8.721200000e-01	100
8.721600000e-01	100
8.722000000e-01	100
8.722400000e-01	100
8.722800000e-01	99
8.723200000e-01	97
8.723600000e-01	100
8.724000000e-01	100
8.724400000e-01	100
8.724800000e-01	100
8.725200000e-01	100
8.725600000e-01	100
8.726000000e-01	96
8.726400000e-01	100
8.726800000e-01	100
8.727200000e-01	99
8.727600000e-01	100
8.728000000e-01	91
8.728400000e-01	100
8.728800000e-01	100
8.729200000e-01	100
8.729600000e-01	100
8.730000000e-01	14
8.730400000e-01	98
8.730800000e-01	100
8.731200000e-01	100
8.731600000e-01	100
8.732000000e-01	100
8.732400000e-01	100
8.732800000e-01	100
8.733200000e-01	100
8.733600000e-01	100
8.734000000e-01	100
8.734400000e-01	95
8.734800000e-01	100
8.735200000e-01	98
8.735600000e-01	100
8.736000000e-01	99
8.736400000e-01	100
8.736800000e-01	100
8.737200000e-01	100
8.737600000e-01	96
8.738000000e-01	100
8.738400000e-01	100
8.738800000e-01	100
8.739200000e-01	100
8.739600000e-01	100
8.740000000e-01	100
8.740400000e-01	99
8.740800000e-01	100
8.741200000e-01	100
8.741600000e-01	100
8.742000000e-01	99
8.742400000e-01	100
8.742800000e-01	100
8.743200000e-01	100
8.743600000e-01	100
8.744000000e-01	100
8.744400000e-01	99
8.744800000e-01	100
8.745200000e-01	100
8.745600000e-01	100
8.746000000e-01	100
8.746400000e-01	100
8.746800000e-01	100
8.747200000e-01	100
8.747600000e-01	100
8.748000000e-01	95
8.748400000e-01	100
8.748800000e-01	100
8.749200000e-01	100
8.749600000e-01	100
8.750000000e-01	100
8.750400000e-01	97
8.750800000e-01	100
8.751200000e-01	100
8.751600000e-01	10
8.752000000e-01	10
8.752400000e-01	10
8.752800000e-01	10
8.753200000e-01	10
8.753600000e-01	20
8.754000000e-01	20
8.754400000e-01	40
8.754800000e-01	97
8.755200000e-01	30
8.755600000e-01	100
8.756000000e-01	97
8.756400000e-01	100
8.756800000e-01	100
8.757200000e-01	99
8.757600000e-01	100
8.758000000e-01	100
8.758400000e-01	100
8.758800000e-01	100
8.759200000e-01	100
8.759600000e-01	100
8.760000000e-01	100
8.760400000e-01	100
8.760800000e-01	100
8.761200000e-01	100
8.761600000e-01	100
8.762000000e-01	100
8.762400000e-01	100
8.762800000e-01	100
8.763200000e-01	100
8.763600000e-01	100
8.764000000e-01	100
8.764400000e-01	100
8.764800000e-01	100
8.765200000e-01	100
8.765600000e-01	100
8.766000000e-01	100
8.766400000e-01	100
8.766800000e-01	100
8.767200000e-01	100
8.767600000e-01	100
8.768000000e-01	100
8.768400000e-01	100
8.768800000e-01	99
8.769200000e-01	100
8.769600000e-01	100
8.770000000e-01	100
8.770400000e-01	100
8.770800000e-01	100
8.771200000e-01	100
8.771600000e-01	100
8.772000000e-01	100
8.772400000e-01	100
8.772800000e-01	100
8.773200000e-01	99
8.773600000e-01	100
8.774000000e-01	14
8.774400000e-01	99
8.774800000e-01	100
8.775200000e-01	99
8.775600000e-01	99
8.776000000e-01	96
8.776400000e-01	100
8.776800000e-01	100
8.777200000e-01	100
8.777600000e-01	100
8.778000000e-01	99
8.778400000e-01	98
8.778800000e-01	100
8.779200000e-01	100
8.779600000e-01	100
8.780000000e-01	100
8.780400000e-01	100
8.780800000e-01	100
8.781200000e-01	100
8.781600000e-01	100
8.782000000e-01	100
8.782400000e-01	100
8.782800000e-01	100
8.783200000e-01	100
8.783600000e-01	100
8.784000000e-01	100
8.784400000e-01	100
8.784800000e-01	100
8.785200000e-01	100
8.785600000e-01	100
8.786000000e-01	100
8.786400000e-01	100
8.786800000e-01	100
8.787200000e-01	100
8.787600000e-01	100
8.788000000e-01	100
8.788400000e-01	100
8.788800000e-01	100
8.789200000e-01	100
8.789600000e-01	99
8.790000000e-01	100
8.790400000e-01	100
8.790800000e-01	100
8.791200000e-01	100
8.791600000e-01	100
8.792000000e-01	100
8.792400000e-01	100
8.792800000e-01	100
8.793200000e-01	100
8.793600000e-01	100
8.794000000e-01	99
8.794400000e-01	100
8.794800000e-01	100
8.795200000e-01	100
8.795600000e-01	83
8.796000000e-01	100
8.796400000e-01	100
8.796800000e-01	100
8.797200000e-01	100
8.797600000e-01	100
8.798000000e-01	100
8.798400000e-01	100
8.798800000e-01	98
8.799200000e-01	100
8.799600000e-01	100
8.800000000e-01	99
8.800400000e-01	100
8.800800000e-01	100
8.801200000e-01	100
8.801600000e-01	100
8.802000000e-01	100
8.802400000e-01	100
8.802800000e-01	100
8.803200000e-01	100
8.803600000e-01	100
8.804000000e-01	100
8.804400000e-01	100
8.804800000e-01	100
8.805200000e-01	98
8.805600000e-01	100
8.806000000e-01	100
8.806400000e-01	100
8.806800000e-01	100
8.807200000e-01	100
8.807600000e-01	83
8.808000000e-01	100
8.808400000e-01	100
8.808800000e-01	6
8.809200000e-01	6
8.809600000e-01	6
8.810000000e-01	6
8.810400000e-01	6
8.810800000e-01	6
8.811200000e-01	6
8.811600000e-01	6
8.812000000e-01	6
8.812400000e-01	6
8.812800000e-01	6
8.813200000e-01	6
8.813600000e-01	6
8.814000000e-01	6
8.814400000e-01	6
8.814800000e-01	6
8.815200000e-01	6
8.815600000e-01	6
8.816000000e-01	6
8.816400000e-01	6
8.816800000e-01	6
8.817200000e-01	6
8.817600000e-01	6
8.818000000e-01	6
8.818400000e-01	6
8.818800000e-01	6
8.819200000e-01	12
8.819600000e-01	12
8.820000000e-01	12
8.820400000e-01	12
8.820800000e-01	12
8.821200000e-01	12
8.821600000e-01	12
8.822000000e-01	12
8.822400000e-01	12
8.822800000e-01	12
8.823200000e-01	12
8.823600000e-01	24
8.824000000e-01	24
8.824400000e-01	24
8.824800000e-01	48
8.825200000e-01	99
8.825600000e-01	99
8.826000000e-01	100
8.826400000e-01	100
8.826800000e-01	100
8.827200000e-01	99
8.827600000e-01	99
8.828000000e-01	100
8.828400000e-01	35
8.828800000e-01	100
8.829200000e-01	99
8.829600000e-01	96
8.830000000e-01	67
8.830400000e-01	100
8.830800000e-01	99
8.831200000e-01	100
8.831600000e-01	100
8.832000000e-01	99
8.832400000e-01	99
8.832800000e-01	100
8.833200000e-01	99
8.833600000e-01	100
8.834000000e-01	100
8.834400000e-01	100
8.834800000e-01	99
8.835200000e-01	100
8.835600000e-01	100
8.836000000e-01	100
8.836400000e-01	100
8.836800000e-01	100
8.837200000e-01	100
8.837600000e-01	100
8.838000000e-01	100
8.838400000e-01	100
8.838800000e-01	99
8.839200000e-01	100
8.839600000e-01	100
8.840000000e-01	100
8.840400000e-01	100
8.840800000e-01	100
8.841200000e-01	100
8.841600000e-01	100
8.842000000e-01	100
8.842400000e-01	100
8.842800000e-01	100
8.843200000e-01	100
8.843600000e-01	100
8.844000000e-01	100
8.844400000e-01	100
8.844800000e-01	100
8.845200000e-01	99
8.845600000e-01	100
8.846000000e-01	100
8.846400000e-01	100
8.846800000e-01	100
8.847200000e-01	100
8.847600000e-01	100
8.848000000e-01	100
8.848400000e-01	100
8.848800000e-01	100
8.849200000e-01	100
8.849600000e-01	100
8.850000000e-01	100
8.850400000e-01	99
8.850800000e-01	100
8.851200000e-01	100
8.851600000e-01	100
8.852000000e-01	99
8.852400000e-01	100
8.852800000e-01	100
8.853200000e-01	99
8.853600000e-01	100
8.854000000e-01	100
8.854400000e-01	100
8.854800000e-01	100
8.855200000e-01	100
8.855600000e-01	100
8.856000000e-01	100
8.856400000e-01	100
8.856800000e-01	100
8.857200000e-01	99
8.857600000e-01	98
8.858000000e-01	99
8.858400000e-01	100
8.858800000e-01	100
8.859200000e-01	100
8.859600000e-01	100
8.860000000e-01	98
8.860400000e-01	100
8.860800000e-01	100
8.861200000e-01	100
8.861600000e-01	100
8.862000000e-01	100
8.862400000e-01	100
8.862800000e-01	100
8.863200000e-01	10
8.863600000e-01	20
8.864000000e-01	97
8.864400000e-01	99
8.864800000e-01	100
8.865200000e-01	100
8.865600000e-01	100
8.866000000e-01	99
8.866400000e-01	100
8.866800000e-01	99
8.867200000e-01	100
8.867600000e-01	100
8.868000000e-01	99
8.868400000e-01	100
8.868800000e-01	100
8.869200000e-01	100
8.869600000e-01	100
8.870000000e-01	100
8.870400000e-01	100
8.870800000e-01	100
8.871200000e-01	100
8.871600000e-01	100
8.872000000e-01	100
8.872400000e-01	100
8.872800000e-01	100
8.873200000e-01	100
8.873600000e-01	100
8.874000000e-01	97
8.874400000e-01	100
8.874800000e-01	99
8.875200000e-01	100
8.875600000e-01	100
8.876000000e-01	100
8.876400000e-01	100
8.876800000e-01	100
8.877200000e-01	100
8.877600000e-01	100
8.878000000e-01	100
8.878400000e-01	99
8.878800000e-01	100
8.879200000e-01	100
8.879600000e-01	100
8.880000000e-01	100
8.880400000e-01	100
8.880800000e-01	100
8.881200000e-01	100
8.881600000e-01	100
8.882000000e-01	100
8.882400000e-01	100
8.882800000e-01	100
8.883200000e-01	100
8.883600000e-01	99
8.884000000e-01	100
8.884400000e-01	100
8.884800000e-01	100
8.885200000e-01	100
8.885600000e-01	99
8.886000000e-01	100
8.886400000e-01	100
8.886800000e-01	100
8.887200000e-01	100
8.887600000e-01	100
8.888000000e-01	100
8.888400000e-01	100
8.888800000e-01	100
8.889200000e-01	100
8.889600000e-01	100
8.890000000e-01	100
8.890400000e-01	100
8.890800000e-01	99
8.891200000e-01	100
8.891600000e-01	100
8.892000000e-01	100
8.892400000e-01	100
8.892800000e-01	100
8.893200000e-01	100
8.893600000e-01	100
8.894000000e-01	100
8.894400000e-01	100
8.894800000e-01	100
8.895200000e-01	100
8.895600000e-01	100
8.896000000e-01	100
8.896400000e-01	100
8.896800000e-01	100
8.897200000e-01	100
8.897600000e-01	100
8.898000000e-01	100
8.898400000e-01	100
8.898800000e-01	100
8.899200000e-01	100
8.899600000e-01	100
8.900000000e-01	100
8.900400000e-01	100
8.900800000e-01	100
8.901200000e-01	100
8.901600000e-01	100
8.902000000e-01	100
8.902400000e-01	100
8.902800000e-01	100
8.903200000e-01	8
8.903600000e-01	8
8.904000000e-01	16
8.904400000e-01	92
8.904800000e-01	90
8.905200000e-01	100
8.905600000e-01	96
8.906000000e-01	100
8.906400000e-01	100
8.906800000e-01	100
8.907200000e-01	100
8.907600000e-01	100
8.908000000e-01	100
8.908400000e-01	100
8.908800000e-01	100
8.909200000e-01	100
8.909600000e-01	100
8.910000000e-01	100
8.910400000e-01	98
8.910800000e-01	100
8.911200000e-01	100
8.911600000e-01	100
8.912000000e-01	100
8.912400000e-01	100
8.912800000e-01	100
8.913200000e-01	100
8.913600000e-01	100
8.914000000e-01	100
8.914400000e-01	100
8.914800000e-01	100
8.915200000e-01	100
8.915600000e-01	100
8.916000000e-01	100
8.916400000e-01	100
8.916800000e-01	100
8.917200000e-01	100
8.917600000e-01	100
8.918000000e-01	100
8.918400000e-01	99
8.918800000e-01	100
8.919200000e-01	34
8.919600000e-01	100
8.920000000e-01	100
8.920400000e-01	100
8.920800000e-01	100
8.921200000e-01	100
8.921600000e-01	100
8.922000000e-01	100
8.922400000e-01	100
8.922800000e-01	100
8.923200000e-01	100
8.923600000e-01	100
8.924000000e-01	100
8.924400000e-01	98
8.924800000e-01	100
8.925200000e-01	100
8.925600000e-01	100
8.926000000e-01	100
8.926400000e-01	100
8.926800000e-01	100
8.927200000e-01	100
8.927600000e-01	100
8.928000000e-01	100
8.928400000e-01	99
8.928800000e-01	100
8.929200000e-01	100
8.929600000e-01	100
8.930000000e-01	100
8.930400000e-01	100
8.930800000e-01	100
8.931200000e-01	100
8.931600000e-01	100
8.932000000e-01	100
8.932400000e-01	100
8.932800000e-01	100
8.933200000e-01	100
8.933600000e-01	100
8.934000000e-01	100
8.934400000e-01	100
8.934800000e-01	100
8.935200000e-01	100
8.935600000e-01	100
8.936000000e-01	100
8.936400000e-01	100
8.936800000e-01	100
8.937200000e-01	100
8.937600000e-01	100
8.938000000e-01	100
8.938400000e-01	100
8.938800000e-01	99
8.939200000e-01	100
8.939600000e-01	100
8.940000000e-01	100
8.940400000e-01	100
8.940800000e-01	100
8.941200000e-01	93
8.941600000e-01	100
8.942000000e-01	100
8.942400000e-01	100
8.942800000e-01	100
8.943200000e-01	100
8.943600000e-01	100
8.944000000e-01	100
8.944400000e-01	100
8.944800000e-01	100
8.945200000e-01	100
8.945600000e-01	100
8.946000000e-01	100
8.946400000e-01	100
8.946800000e-01	100
8.947200000e-01	100
8.947600000e-01	100
8.948000000e-01	100
8.948400000e-01	100
8.948800000e-01	100
8.949200000e-01	99
8.949600000e-01	100
8.950000000e-01	100
8.950400000e-01	100
8.950800000e-01	100
8.951200000e-01	100
8.951600000e-01	100
8.952000000e-01	11
8.952400000e-01	100
8.952800000e-01	100
8.953200000e-01	100
8.953600000e-01	100
8.954000000e-01	100
8.954400000e-01	100
8.954800000e-01	99
8.955200000e-01	100
8.955600000e-01	100
8.956000000e-01	100
8.956400000e-01	100
8.956800000e-01	100
8.957200000e-01	100
8.957600000e-01	100
8.958000000e-01	13
8.958400000e-01	100
8.958800000e-01	100
8.959200000e-01	100
8.959600000e-01	100
8.960000000e-01	100
8.960400000e-01	100
8.960800000e-01	100
8.961200000e-01	100
8.961600000e-01	98
8.962000000e-01	100
8.962400000e-01	100
8.962800000e-01	100
8.963200000e-01	99
8.963600000e-01	100
8.964000000e-01	100
8.964400000e-01	100
8.964800000e-01	100
8.965200000e-01	100
8.965600000e-01	100
8.966000000e-01	9
8.966400000e-01	72
8.966800000e-01	100
8.967200000e-01	100
8.967600000e-01	100
8.968000000e-01	100
8.968400000e-01	100
8.968800000e-01	100
8.969200000e-01	100
8.969600000e-01	100
8.970000000e-01	100
8.970400000e-01	100
8.970800000e-01	100
8.971200000e-01	100
8.971600000e-01	100
8.972000000e-01	100
8.972400000e-01	100
8.972800000e-01	100
8.973200000e-01	100
8.973600000e-01	100
8.974000000e-01	100
8.974400000e-01	100
8.974800000e-01	98
8.975200000e-01	100
8.975600000e-01	100
8.976000000e-01	100
8.976400000e-01	100
8.976800000e-01	100
8.977200000e-01	100
8.977600000e-01	100
8.978000000e-01	91
8.978400000e-01	100
8.978800000e-01	99
8.979200000e-01	99
8.979600000e-01	100
8.980000000e-01	100
8.980400000e-01	100
8.980800000e-01	100
8.981200000e-01	100
8.981600000e-01	100
8.982000000e-01	100
8.982400000e-01	100
8.982800000e-01	100
8.983200000e-01	100
8.983600000e-01	100
8.984000000e-01	100
8.984400000e-01	100
8.984800000e-01	100
8.985200000e-01	100
8.985600000e-01	100
8.986000000e-01	100
8.986400000e-01	100
8.986800000e-01	98
8.987200000e-01	100
8.987600000e-01	100
8.988000000e-01	100
8.988400000e-01	100
8.988800000e-01	100
8.989200000e-01	100
8.989600000e-01	100
8.990000000e-01	100
8.990400000e-01	99
8.990800000e-01	100
8.991200000e-01	100
8.991600000e-01	100
8.992000000e-01	100
8.992400000e-01	100
8.992800000e-01	99
8.993200000e-01	100
8.993600000e-01	100
8.994000000e-01	100
8.994400000e-01	100
8.994800000e-01	100
8.995200000e-01	100
8.995600000e-01	98
8.996000000e-01	99
8.996400000e-01	100
8.996800000e-01	100
8.997200000e-01	100
8.997600000e-01	100
8.998000000e-01	100
8.998400000e-01	100
8.998800000e-01	100
8.999200000e-01	100
8.999600000e-01	100
