lambda	class
0.000000000e+00	1
8.000000000e-04	1
1.600000000e-03	1
2.400000000e-03	1
3.200000000e-03	1
4.000000000e-03	1
4.800000000e-03	1
5.600000000e-03	1
6.400000000e-03	1
7.200000000e-03	1
8.000000000e-03	1
8.800000000e-03	1
9.600000000e-03	1
1.040000000e-02	1
1.120000000e-02	1
1.200000000e-02	1
1.280000000e-02	1
1.360000000e-02	1
1.440000000e-02	1
1.520000000e-02	1
1.600000000e-02	1
1.680000000e-02	1
1.760000000e-02	1
1.840000000e-02	1
1.920000000e-02	1
2.000000000e-02	1
2.080000000e-02	1
2.160000000e-02	1
2.240000000e-02	1
2.320000000e-02	1
2.400000000e-02	1
2.480000000e-02	1
2.560000000e-02	1
2.640000000e-02	1
2.720000000e-02	1
2.800000000e-02	1
2.880000000e-02	1
2.960000000e-02	1
3.040000000e-02	1
3.120000000e-02	1
3.200000000e-02	1
3.280000000e-02	1
3.360000000e-02	1
3.440000000e-02	1
3.520000000e-02	1
3.600000000e-02	1
3.680000000e-02	1
3.760000000e-02	1
3.840000000e-02	1
3.920000000e-02	1
4.000000000e-02	1
4.080000000e-02	1
4.160000000e-02	1
4.240000000e-02	1
4.320000000e-02	1
4.400000000e-02	1
4.480000000e-02	1
4.560000000e-02	1
4.640000000e-02	1
4.720000000e-02	1
4.800000000e-02	1
4.880000000e-02	1
4.960000000e-02	1
5.040000000e-02	1
5.120000000e-02	1
5.200000000e-02	1
5.280000000e-02	1
5.360000000e-02	1
5.440000000e-02	1
5.520000000e-02	1
5.600000000e-02	1
5.680000000e-02	1
5.760000000e-02	1
5.840000000e-02	1
5.920000000e-02	1
6.000000000e-02	1
6.080000000e-02	1
6.160000000e-02	1
6.240000000e-02	1
6.320000000e-02	1
6.400000000e-02	1
6.480000000e-02	1
6.560000000e-02	1
6.640000000e-02	1
6.720000000e-02	1
6.800000000e-02	1
6.880000000e-02	1
6.960000000e-02	1
7.040000000e-02	1
7.120000000e-02	1
7.200000000e-02	1
7.280000000e-02	1
7.360000000e-02	1
7.440000000e-02	1
7.520000000e-02	1
7.600000000e-02	1
7.680000000e-02	1
7.760000000e-02	1
7.840000000e-02	1
7.920000000e-02	1
8.000000000e-02	1
8.080000000e-02	1
8.160000000e-02	1
8.240000000e-02	1
8.320000000e-02	1
8.400000000e-02	1
8.480000000e-02	1
8.560000000e-02	1
8.640000000e-02	1
8.720000000e-02	1
8.800000000e-02	1
8.880000000e-02	1
8.960000000e-02	1
9.040000000e-02	1
9.120000000e-02	1
9.200000000e-02	1
9.280000000e-02	1
9.360000000e-02	1
9.440000000e-02	1
9.520000000e-02	1
9.600000000e-02	1
9.680000000e-02	1
9.760000000e-02	1
9.840000000e-02	1
9.920000000e-02	1
1.000000000e-01	1
1.008000000e-01	1
1.016000000e-01	1
1.024000000e-01	1
1.032000000e-01	1
1.040000000e-01	1
1.048000000e-01	1
1.056000000e-01	1
1.064000000e-01	1
1.072000000e-01	1
1.080000000e-01	1
1.088000000e-01	1
1.096000000e-01	1
1.104000000e-01	1
1.112000000e-01	1
1.120000000e-01	1
1.128000000e-01	1
1.136000000e-01	1
1.144000000e-01	1
1.152000000e-01	1
1.160000000e-01	1
1.168000000e-01	1
1.176000000e-01	1
1.184000000e-01	1
1.192000000e-01	1
1.200000000e-01	1
1.208000000e-01	1
1.216000000e-01	1
1.224000000e-01	1
1.232000000e-01	1
1.240000000e-01	1
1.248000000e-01	1
1.256000000e-01	1
1.264000000e-01	1
1.272000000e-01	1
1.280000000e-01	1
1.288000000e-01	1
1.296000000e-01	1
1.304000000e-01	1
1.312000000e-01	1
1.320000000e-01	1
1.328000000e-01	1
1.336000000e-01	1
1.344000000e-01	1
1.352000000e-01	1
1.360000000e-01	1
1.368000000e-01	1
1.376000000e-01	1
1.384000000e-01	1
1.392000000e-01	1
1.400000000e-01	1
1.408000000e-01	1
1.416000000e-01	1
1.424000000e-01	1
1.432000000e-01	1
1.440000000e-01	1
1.448000000e-01	1
1.456000000e-01	1
1.464000000e-01	1
1.472000000e-01	1
1.480000000e-01	1
1.488000000e-01	1
1.496000000e-01	1
1.504000000e-01	1
1.512000000e-01	1
1.520000000e-01	1
1.528000000e-01	1
1.536000000e-01	1
1.544000000e-01	1
1.552000000e-01	1
1.560000000e-01	1
1.568000000e-01	1
1.576000000e-01	1
1.584000000e-01	1
1.592000000e-01	1
1.600000000e-01	1
1.608000000e-01	1
1.616000000e-01	1
1.624000000e-01	1
1.632000000e-01	1
1.640000000e-01	1
1.648000000e-01	1
1.656000000e-01	1
1.664000000e-01	1
1.672000000e-01	1
1.680000000e-01	1
1.688000000e-01	1
1.696000000e-01	1
1.704000000e-01	1
1.712000000e-01	1
1.720000000e-01	1
1.728000000e-01	1
1.736000000e-01	1
1.744000000e-01	1
1.752000000e-01	1
1.760000000e-01	1
1.768000000e-01	1
1.776000000e-01	1
1.784000000e-01	1
1.792000000e-01	1
1.800000000e-01	1
1.808000000e-01	1
1.816000000e-01	1
1.824000000e-01	1
1.832000000e-01	1
1.840000000e-01	1
1.848000000e-01	1
1.856000000e-01	1
1.864000000e-01	1
1.872000000e-01	1
1.880000000e-01	1
1.888000000e-01	1
1.896000000e-01	1
1.904000000e-01	1
1.912000000e-01	1
1.920000000e-01	1
1.928000000e-01	1
1.936000000e-01	1
1.944000000e-01	1
1.952000000e-01	1
1.960000000e-01	1
1.968000000e-01	1
1.976000000e-01	1
1.984000000e-01	1
1.992000000e-01	1
2.000000000e-01	1
2.008000000e-01	1
2.016000000e-01	1
2.024000000e-01	1
2.032000000e-01	1
2.040000000e-01	1
2.048000000e-01	1
2.056000000e-01	1
2.064000000e-01	1
2.072000000e-01	1
2.080000000e-01	1
2.088000000e-01	1
2.096000000e-01	1
2.104000000e-01	1
2.112000000e-01	1
2.120000000e-01	1
2.128000000e-01	1
2.136000000e-01	1
2.144000000e-01	1
2.152000000e-01	1
2.160000000e-01	1
2.168000000e-01	1
2.176000000e-01	1
2.184000000e-01	1
2.192000000e-01	1
2.200000000e-01	1
2.208000000e-01	1
2.216000000e-01	1
2.224000000e-01	1
2.232000000e-01	1
2.240000000e-01	1
2.248000000e-01	1
2.256000000e-01	1
2.264000000e-01	1
2.272000000e-01	1
2.280000000e-01	1
2.288000000e-01	1
2.296000000e-01	1
2.304000000e-01	1
2.312000000e-01	1
2.320000000e-01	1
2.328000000e-01	1
2.336000000e-01	1
2.344000000e-01	1
2.352000000e-01	1
2.360000000e-01	1
2.368000000e-01	1
2.376000000e-01	1
2.384000000e-01	1
2.392000000e-01	1
2.400000000e-01	1
2.408000000e-01	1
2.416000000e-01	1
2.424000000e-01	1
2.432000000e-01	1
2.440000000e-01	1
2.448000000e-01	1
2.456000000e-01	1
2.464000000e-01	1
2.472000000e-01	1
2.480000000e-01	1
2.488000000e-01	1
2.496000000e-01	1
2.504000000e-01	1
2.512000000e-01	1
2.520000000e-01	1
2.528000000e-01	1
2.536000000e-01	1
2.544000000e-01	1
2.552000000e-01	1
2.560000000e-01	1
2.568000000e-01	1
2.576000000e-01	1
2.584000000e-01	1
2.592000000e-01	1
2.600000000e-01	1
2.608000000e-01	1
2.616000000e-01	1
2.624000000e-01	1
2.632000000e-01	1
2.640000000e-01	1
2.648000000e-01	1
2.656000000e-01	1
2.664000000e-01	1
2.672000000e-01	1
2.680000000e-01	1
2.688000000e-01	1
2.696000000e-01	1
2.704000000e-01	1
2.712000000e-01	1
2.720000000e-01	1
2.728000000e-01	1
2.736000000e-01	1
2.744000000e-01	1
2.752000000e-01	1
2.760000000e-01	1
2.768000000e-01	1
2.776000000e-01	1
2.784000000e-01	1
2.792000000e-01	1
2.800000000e-01	1
2.808000000e-01	1
2.816000000e-01	1
2.824000000e-01	1
2.832000000e-01	1
2.840000000e-01	1
2.848000000e-01	1
2.856000000e-01	1
2.864000000e-01	1
2.872000000e-01	1
2.880000000e-01	1
2.888000000e-01	1
2.896000000e-01	1
2.904000000e-01	1
2.912000000e-01	1
2.920000000e-01	1
2.928000000e-01	1
2.936000000e-01	1
2.944000000e-01	1
2.952000000e-01	1
2.960000000e-01	1
2.968000000e-01	1
2.976000000e-01	1
2.984000000e-01	1
2.992000000e-01	1
3.000000000e-01	1
3.008000000e-01	1
3.016000000e-01	1
3.024000000e-01	1
3.032000000e-01	1
3.040000000e-01	1
3.048000000e-01	1
3.056000000e-01	1
3.064000000e-01	1
3.072000000e-01	1
3.080000000e-01	1
3.088000000e-01	1
3.096000000e-01	1
3.104000000e-01	1
3.112000000e-01	1
3.120000000e-01	1
3.128000000e-01	1
3.136000000e-01	1
3.144000000e-01	1
3.152000000e-01	1
3.160000000e-01	1
3.168000000e-01	1
3.176000000e-01	1
3.184000000e-01	7
3.192000000e-01	1
3.200000000e-01	1
3.208000000e-01	1
3.216000000e-01	1
3.224000000e-01	1
3.232000000e-01	1
3.240000000e-01	1
3.248000000e-01	1
3.256000000e-01	1
3.264000000e-01	1
3.272000000e-01	1
3.280000000e-01	1
3.288000000e-01	1
3.296000000e-01	1
3.304000000e-01	1
3.312000000e-01	1
3.320000000e-01	1
3.328000000e-01	1
3.336000000e-01	1
3.344000000e-01	1
3.352000000e-01	1
3.360000000e-01	1
3.368000000e-01	1
3.376000000e-01	1
3.384000000e-01	1
3.392000000e-01	1
3.400000000e-01	1
3.408000000e-01	1
3.416000000e-01	1
3.424000000e-01	1
3.432000000e-01	1
3.440000000e-01	1
3.448000000e-01	1
3.456000000e-01	1
3.464000000e-01	1
3.472000000e-01	1
3.480000000e-01	1
3.488000000e-01	1
3.496000000e-01	1
3.504000000e-01	1
3.512000000e-01	1
3.520000000e-01	1
3.528000000e-01	1
3.536000000e-01	1
3.544000000e-01	1
3.552000000e-01	1
3.560000000e-01	1
3.568000000e-01	1
3.576000000e-01	1
3.584000000e-01	1
3.592000000e-01	1
3.600000000e-01	1
3.608000000e-01	1
3.616000000e-01	1
3.624000000e-01	1
3.632000000e-01	1
3.640000000e-01	1
3.648000000e-01	1
3.656000000e-01	1
3.664000000e-01	1
3.672000000e-01	1
3.680000000e-01	1
3.688000000e-01	1
3.696000000e-01	1
3.704000000e-01	1
3.712000000e-01	1
3.720000000e-01	1
3.728000000e-01	1
3.736000000e-01	1
3.744000000e-01	1
3.752000000e-01	1
3.760000000e-01	1
3.768000000e-01	1
3.776000000e-01	1
3.784000000e-01	1
3.792000000e-01	1
3.800000000e-01	1
3.808000000e-01	1
3.816000000e-01	1
3.824000000e-01	1
3.832000000e-01	1
3.840000000e-01	1
3.848000000e-01	1
3.856000000e-01	1
3.864000000e-01	1
3.872000000e-01	1
3.880000000e-01	1
3.888000000e-01	1
3.896000000e-01	1
3.904000000e-01	1
3.912000000e-01	1
3.920000000e-01	1
3.928000000e-01	1
3.936000000e-01	1
3.944000000e-01	1
3.952000000e-01	1
3.960000000e-01	1
3.968000000e-01	1
3.976000000e-01	1
3.984000000e-01	1
3.992000000e-01	1
4.000000000e-01	1
4.008000000e-01	1
4.016000000e-01	1
4.024000000e-01	1
4.032000000e-01	1
4.040000000e-01	1
4.048000000e-01	1
4.056000000e-01	1
4.064000000e-01	1
4.072000000e-01	1
4.080000000e-01	1
4.088000000e-01	1
4.096000000e-01	1
4.104000000e-01	1
4.112000000e-01	1
4.120000000e-01	1
4.128000000e-01	1
4.136000000e-01	1
4.144000000e-01	1
4.152000000e-01	1
4.160000000e-01	1
4.168000000e-01	1
4.176000000e-01	1
4.184000000e-01	1
4.192000000e-01	1
4.200000000e-01	1
4.208000000e-01	1
4.216000000e-01	1
4.224000000e-01	1
4.232000000e-01	1
4.240000000e-01	1
4.248000000e-01	1
4.256000000e-01	1
4.264000000e-01	1
4.272000000e-01	1
4.280000000e-01	1
4.288000000e-01	1
4.296000000e-01	1
4.304000000e-01	1
4.312000000e-01	1
4.320000000e-01	1
4.328000000e-01	1
4.336000000e-01	1
4.344000000e-01	1
4.352000000e-01	1
4.360000000e-01	1
4.368000000e-01	1
4.376000000e-01	1
4.384000000e-01	1
4.392000000e-01	1
4.400000000e-01	1
4.408000000e-01	1
4.416000000e-01	1
4.424000000e-01	1
4.432000000e-01	1
4.440000000e-01	1
4.448000000e-01	1
4.456000000e-01	1
4.464000000e-01	1
4.472000000e-01	1
4.480000000e-01	1
4.488000000e-01	1
4.496000000e-01	1
4.504000000e-01	1
4.512000000e-01	1
4.520000000e-01	1
4.528000000e-01	1
4.536000000e-01	1
4.544000000e-01	1
4.552000000e-01	1
4.560000000e-01	1
4.568000000e-01	1
4.576000000e-01	1
4.584000000e-01	1
4.592000000e-01	1
4.600000000e-01	1
4.608000000e-01	1
4.616000000e-01	1
4.624000000e-01	1
4.632000000e-01	1
4.640000000e-01	1
4.648000000e-01	1
4.656000000e-01	1
4.664000000e-01	1
4.672000000e-01	1
4.680000000e-01	1
4.688000000e-01	1
4.696000000e-01	1
4.704000000e-01	1
4.712000000e-01	1
4.720000000e-01	1
4.728000000e-01	1
4.736000000e-01	1
4.744000000e-01	1
4.752000000e-01	1
4.760000000e-01	1
4.768000000e-01	1
4.776000000e-01	1
4.784000000e-01	1
4.792000000e-01	1
4.800000000e-01	1
4.808000000e-01	1
4.816000000e-01	1
4.824000000e-01	1
4.832000000e-01	1
4.840000000e-01	1
4.848000000e-01	1
4.856000000e-01	1
4.864000000e-01	1
4.872000000e-01	1
4.880000000e-01	1
4.888000000e-01	1
4.896000000e-01	1
4.904000000e-01	1
4.912000000e-01	1
4.920000000e-01	1
4.928000000e-01	1
4.936000000e-01	1
4.944000000e-01	1
4.952000000e-01	1
4.960000000e-01	1
4.968000000e-01	1
4.976000000e-01	1
4.984000000e-01	1
4.992000000e-01	1
5.000000000e-01	1
5.008000000e-01	1
5.016000000e-01	1
5.024000000e-01	1
5.032000000e-01	1
5.040000000e-01	1
5.048000000e-01	1
5.056000000e-01	1
5.064000000e-01	1
5.072000000e-01	1
5.080000000e-01	1
5.088000000e-01	1
5.096000000e-01	1
5.104000000e-01	1
5.112000000e-01	1
5.120000000e-01	1
5.128000000e-01	1
5.136000000e-01	1
5.144000000e-01	1
5.152000000e-01	1
5.160000000e-01	1
5.168000000e-01	1
5.176000000e-01	1
5.184000000e-01	1
5.192000000e-01	1
5.200000000e-01	1
5.208000000e-01	1
5.216000000e-01	1
5.224000000e-01	1
5.232000000e-01	1
5.240000000e-01	1
5.248000000e-01	1
5.256000000e-01	1
5.264000000e-01	1
5.272000000e-01	1
5.280000000e-01	1
5.288000000e-01	1
5.296000000e-01	1
5.304000000e-01	1
5.312000000e-01	1
5.320000000e-01	1
5.328000000e-01	1
5.336000000e-01	1
5.344000000e-01	1
5.352000000e-01	1
5.360000000e-01	1
5.368000000e-01	1
5.376000000e-01	1
5.384000000e-01	1
5.392000000e-01	1
5.400000000e-01	1
5.408000000e-01	1
5.416000000e-01	1
5.424000000e-01	1
5.432000000e-01	1
5.440000000e-01	1
5.448000000e-01	1
5.456000000e-01	1
5.464000000e-01	1
5.472000000e-01	1
5.480000000e-01	1
5.488000000e-01	1
5.496000000e-01	1
5.504000000e-01	1
5.512000000e-01	1
5.520000000e-01	1
5.528000000e-01	1
5.536000000e-01	1
5.544000000e-01	1
5.552000000e-01	1
5.560000000e-01	1
5.568000000e-01	1
5.576000000e-01	1
5.584000000e-01	1
5.592000000e-01	1
5.600000000e-01	1
5.608000000e-01	1
5.616000000e-01	1
5.624000000e-01	1
5.632000000e-01	1
5.640000000e-01	1
5.648000000e-01	1
5.656000000e-01	1
5.664000000e-01	1
5.672000000e-01	1
5.680000000e-01	1
5.688000000e-01	1
5.696000000e-01	1
5.704000000e-01	1
5.712000000e-01	1
5.720000000e-01	1
5.728000000e-01	1
5.736000000e-01	1
5.744000000e-01	1
5.752000000e-01	1
5.760000000e-01	1
5.768000000e-01	1
5.776000000e-01	1
5.784000000e-01	1
5.792000000e-01	1
5.800000000e-01	1
5.808000000e-01	1
5.816000000e-01	1
5.824000000e-01	1
5.832000000e-01	1
5.840000000e-01	1
5.848000000e-01	1
5.856000000e-01	1
5.864000000e-01	1
5.872000000e-01	1
5.880000000e-01	1
5.888000000e-01	1
5.896000000e-01	1
5.904000000e-01	1
5.912000000e-01	1
5.920000000e-01	1
5.928000000e-01	1
5.936000000e-01	1
5.944000000e-01	1
5.952000000e-01	1
5.960000000e-01	1
5.968000000e-01	1
5.976000000e-01	1
5.984000000e-01	1
5.992000000e-01	1
6.000000000e-01	1
6.008000000e-01	1
6.016000000e-01	1
6.024000000e-01	1
6.032000000e-01	1
6.040000000e-01	1
6.048000000e-01	1
6.056000000e-01	1
6.064000000e-01	1
6.072000000e-01	1
6.080000000e-01	1
6.088000000e-01	1
6.096000000e-01	1
6.104000000e-01	1
6.112000000e-01	1
6.120000000e-01	1
6.128000000e-01	1
6.136000000e-01	1
6.144000000e-01	1
6.152000000e-01	1
6.160000000e-01	1
6.168000000e-01	1
6.176000000e-01	1
6.184000000e-01	1
6.192000000e-01	1
6.200000000e-01	1
6.208000000e-01	1
6.216000000e-01	1
6.224000000e-01	1
6.232000000e-01	1
6.240000000e-01	1
6.248000000e-01	1
6.256000000e-01	1
6.264000000e-01	1
6.272000000e-01	1
6.280000000e-01	1
6.288000000e-01	1
6.296000000e-01	1
6.304000000e-01	1
6.312000000e-01	1
6.320000000e-01	1
6.328000000e-01	1
6.336000000e-01	1
6.344000000e-01	1
6.352000000e-01	1
6.360000000e-01	1
6.368000000e-01	1
6.376000000e-01	1
6.384000000e-01	1
6.392000000e-01	1
6.400000000e-01	1
6.408000000e-01	1
6.416000000e-01	1
6.424000000e-01	1
6.432000000e-01	1
6.440000000e-01	1
6.448000000e-01	1
6.456000000e-01	1
6.464000000e-01	1
6.472000000e-01	1
6.480000000e-01	1
6.488000000e-01	1
6.496000000e-01	1
6.504000000e-01	1
6.512000000e-01	1
6.520000000e-01	1
6.528000000e-01	1
6.536000000e-01	1
6.544000000e-01	1
6.552000000e-01	1
6.560000000e-01	1
6.568000000e-01	1
6.576000000e-01	1
6.584000000e-01	1
6.592000000e-01	1
6.600000000e-01	1
6.608000000e-01	1
6.616000000e-01	1
6.624000000e-01	1
6.632000000e-01	1
6.640000000e-01	1
6.648000000e-01	1
6.656000000e-01	1
6.664000000e-01	1
6.672000000e-01	1
6.680000000e-01	1
6.688000000e-01	1
6.696000000e-01	1
6.704000000e-01	1
6.712000000e-01	1
6.720000000e-01	1
6.728000000e-01	1
6.736000000e-01	1
6.744000000e-01	1
6.752000000e-01	1
6.760000000e-01	1
6.768000000e-01	1
6.776000000e-01	1
6.784000000e-01	1
6.792000000e-01	1
6.800000000e-01	1
6.808000000e-01	1
6.816000000e-01	1
6.824000000e-01	1
6.832000000e-01	1
6.840000000e-01	1
6.848000000e-01	1
6.856000000e-01	1
6.864000000e-01	1
6.872000000e-01	1
6.880000000e-01	1
6.888000000e-01	1
6.896000000e-01	1
6.904000000e-01	1
6.912000000e-01	1
6.920000000e-01	1
6.928000000e-01	1
6.936000000e-01	1
6.944000000e-01	1
6.952000000e-01	1
6.960000000e-01	1
6.968000000e-01	1
6.976000000e-01	1
6.984000000e-01	1
6.992000000e-01	1
7.000000000e-01	1
7.008000000e-01	1
7.016000000e-01	1
7.024000000e-01	1
7.032000000e-01	1
7.040000000e-01	1
7.048000000e-01	1
7.056000000e-01	1
7.064000000e-01	1
7.072000000e-01	1
7.080000000e-01	1
7.088000000e-01	1
7.096000000e-01	1
7.104000000e-01	1
7.112000000e-01	1
7.120000000e-01	1
7.128000000e-01	1
7.136000000e-01	1
7.144000000e-01	1
7.152000000e-01	1
7.160000000e-01	1
7.168000000e-01	1
7.176000000e-01	1
7.184000000e-01	1
7.192000000e-01	1
7.200000000e-01	2
7.208000000e-01	2
7.216000000e-01	2
7.224000000e-01	2
7.232000000e-01	2
7.240000000e-01	2
7.248000000e-01	2
7.256000000e-01	2
7.264000000e-01	2
7.272000000e-01	2
7.280000000e-01	2
7.288000000e-01	2
7.296000000e-01	2
7.304000000e-01	2
7.312000000e-01	2
7.320000000e-01	2
7.328000000e-01	2
7.336000000e-01	2
7.344000000e-01	2
7.352000000e-01	2
7.360000000e-01	2
7.368000000e-01	2
7.376000000e-01	2
7.384000000e-01	2
7.392000000e-01	2
7.400000000e-01	2
7.408000000e-01	2
7.416000000e-01	2
7.424000000e-01	2
7.432000000e-01	2
7.440000000e-01	2
7.448000000e-01	2
7.456000000e-01	2
7.464000000e-01	2
7.472000000e-01	2
7.480000000e-01	2
7.488000000e-01	2
7.496000000e-01	2
7.504000000e-01	2
7.512000000e-01	2
7.520000000e-01	2
7.528000000e-01	2
7.536000000e-01	2
7.544000000e-01	2
7.552000000e-01	2
7.560000000e-01	2
7.568000000e-01	2
7.576000000e-01	2
7.584000000e-01	2
7.592000000e-01	2
7.600000000e-01	2
7.608000000e-01	2
7.616000000e-01	2
7.624000000e-01	2
7.632000000e-01	2
7.640000000e-01	2
7.648000000e-01	2
7.656000000e-01	2
7.664000000e-01	2
7.672000000e-01	2
7.680000000e-01	2
7.688000000e-01	2
7.696000000e-01	2
7.704000000e-01	2
7.712000000e-01	2
7.720000000e-01	2
7.728000000e-01	2
7.736000000e-01	2
7.744000000e-01	2
7.752000000e-01	2
7.760000000e-01	2
7.768000000e-01	2
7.776000000e-01	2
7.784000000e-01	2
7.792000000e-01	2
7.800000000e-01	2
7.808000000e-01	2
7.816000000e-01	2
7.824000000e-01	2
7.832000000e-01	2
7.840000000e-01	2
7.848000000e-01	2
7.856000000e-01	2
7.864000000e-01	2
7.872000000e-01	2
7.880000000e-01	2
7.888000000e-01	2
7.896000000e-01	2
7.904000000e-01	2
7.912000000e-01	2
7.920000000e-01	2
7.928000000e-01	2
7.936000000e-01	2
7.944000000e-01	2
7.952000000e-01	2
7.960000000e-01	2
7.968000000e-01	2
7.976000000e-01	2
7.984000000e-01	2
7.992000000e-01	2
8.000000000e-01	2
8.008000000e-01	2
8.016000000e-01	2
8.024000000e-01	2
8.032000000e-01	2
8.040000000e-01	2
8.048000000e-01	2
8.056000000e-01	2
8.064000000e-01	2
8.072000000e-01	2
8.080000000e-01	2
8.088000000e-01	2
8.096000000e-01	2
8.104000000e-01	2
8.112000000e-01	2
8.120000000e-01	2
8.128000000e-01	2
8.136000000e-01	2
8.144000000e-01	2
8.152000000e-01	2
8.160000000e-01	2
8.168000000e-01	2
8.176000000e-01	2
8.184000000e-01	2
8.192000000e-01	2
8.200000000e-01	2
8.208000000e-01	2
8.216000000e-01	2
8.224000000e-01	2
8.232000000e-01	2
8.240000000e-01	2
8.248000000e-01	2
8.256000000e-01	2
8.264000000e-01	2
8.272000000e-01	2
8.280000000e-01	2
8.288000000e-01	2
8.296000000e-01	2
8.304000000e-01	2
8.312000000e-01	2
8.320000000e-01	2
8.328000000e-01	2
8.336000000e-01	4
8.344000000e-01	4
8.352000000e-01	4
8.360000000e-01	4
8.368000000e-01	4
8.376000000e-01	4
8.384000000e-01	4
8.392000000e-01	4
8.400000000e-01	4
8.408000000e-01	4
8.416000000e-01	4
8.424000000e-01	4
8.432000000e-01	4
8.440000000e-01	4
8.448000000e-01	4
8.456000000e-01	4
8.464000000e-01	4
8.472000000e-01	4
8.480000000e-01	4
8.488000000e-01	4
8.496000000e-01	4
8.504000000e-01	4
8.512000000e-01	4
8.520000000e-01	4
8.528000000e-01	4
8.536000000e-01	4
8.544000000e-01	4
8.552000000e-01	4
8.560000000e-01	4
8.568000000e-01	4
8.576000000e-01	4
8.584000000e-01	4
8.592000000e-01	8
8.600000000e-01	8
8.608000000e-01	8
8.616000000e-01	8
8.624000000e-01	8
8.632000000e-01	8
8.640000000e-01	8
8.648000000e-01	16
8.656000000e-01	100
8.664000000e-01	100
8.672000000e-01	99
8.680000000e-01	99
8.688000000e-01	100
8.696000000e-01	100
8.704000000e-01	100
8.712000000e-01	100
8.720000000e-01	99
8.728000000e-01	91
8.736000000e-01	100
8.744000000e-01	100
8.752000000e-01	10
8.760000000e-01	100
8.768000000e-01	100
8.776000000e-01	100
8.784000000e-01	100
8.792000000e-01	100
8.800000000e-01	99
8.808000000e-01	100
8.816000000e-01	6
8.824000000e-01	24
8.832000000e-01	100
8.840000000e-01	100
8.848000000e-01	100
8.856000000e-01	100
8.864000000e-01	93
8.872000000e-01	100
8.880000000e-01	100
8.888000000e-01	100
8.896000000e-01	100
8.904000000e-01	16
8.912000000e-01	100
8.920000000e-01	100
8.928000000e-01	100
8.936000000e-01	100
8.944000000e-01	100
8.952000000e-01	11
8.960000000e-01	100
8.968000000e-01	100
8.976000000e-01	100
8.984000000e-01	100
8.992000000e-01	100
9.000000000e-01	100
9.008000000e-01	100
9.016000000e-01	99
9.024000000e-01	100
9.032000000e-01	100
9.040000000e-01	100
9.048000000e-01	18
9.056000000e-01	100
9.064000000e-01	100
9.072000000e-01	100
9.080000000e-01	100
9.088000000e-01	100
9.096000000e-01	100
9.104000000e-01	100
9.112000000e-01	5
9.120000000e-01	10
9.128000000e-01	100
9.136000000e-01	100
9.144000000e-01	100
9.152000000e-01	100
9.160000000e-01	100
9.168000000e-01	100
9.176000000e-01	100
9.184000000e-01	99
9.192000000e-01	100
9.200000000e-01	100
9.208000000e-01	100
9.216000000e-01	100
9.224000000e-01	98
9.232000000e-01	100
9.240000000e-01	100
9.248000000e-01	100
9.256000000e-01	100
9.264000000e-01	100
9.272000000e-01	100
9.280000000e-01	100
9.288000000e-01	100
9.296000000e-01	99
9.304000000e-01	100
9.312000000e-01	100
9.320000000e-01	99
9.328000000e-01	100
9.336000000e-01	100
9.344000000e-01	100
9.352000000e-01	100
9.360000000e-01	100
9.368000000e-01	100
9.376000000e-01	100
9.384000000e-01	3
9.392000000e-01	3
9.400000000e-01	3
9.408000000e-01	3
9.416000000e-01	3
9.424000000e-01	3
9.432000000e-01	6
9.440000000e-01	6
9.448000000e-01	12
9.456000000e-01	100
9.464000000e-01	98
9.472000000e-01	99
9.480000000e-01	100
9.488000000e-01	100
9.496000000e-01	100
9.504000000e-01	100
9.512000000e-01	100
9.520000000e-01	100
9.528000000e-01	100
9.536000000e-01	100
9.544000000e-01	100
9.552000000e-01	100
9.560000000e-01	100
9.568000000e-01	100
9.576000000e-01	100
9.584000000e-01	100
9.592000000e-01	100
9.600000000e-01	99
9.608000000e-01	100
9.616000000e-01	100
9.624000000e-01	100
9.632000000e-01	100
9.640000000e-01	100
9.648000000e-01	100
9.656000000e-01	100
9.664000000e-01	100
9.672000000e-01	100
9.680000000e-01	100
9.688000000e-01	75
9.696000000e-01	100
9.704000000e-01	100
9.712000000e-01	100
9.720000000e-01	100
9.728000000e-01	100
9.736000000e-01	12
9.744000000e-01	100
9.752000000e-01	100
9.760000000e-01	100
9.768000000e-01	100
9.776000000e-01	99
9.784000000e-01	100
9.792000000e-01	100
9.800000000e-01	100
9.808000000e-01	100
9.816000000e-01	100
9.824000000e-01	8
9.832000000e-01	99
9.840000000e-01	100
9.848000000e-01	100
9.856000000e-01	100
9.864000000e-01	100
9.872000000e-01	100
9.880000000e-01	100
9.888000000e-01	100
9.896000000e-01	100
9.904000000e-01	100
9.912000000e-01	100
9.920000000e-01	99
9.928000000e-01	100
9.936000000e-01	100
9.944000000e-01	100
9.952000000e-01	100
9.960000000e-01	100
9.968000000e-01	100
9.976000000e-01	100
9.984000000e-01	100
9.992000000e-01	100
1.000000000e+00	100
1.000800000e+00	100
1.001600000e+00	100
1.002400000e+00	100
1.003200000e+00	100
1.004000000e+00	100
1.004800000e+00	100
1.005600000e+00	100
1.006400000e+00	100
1.007200000e+00	100
1.008000000e+00	100
1.008800000e+00	100
1.009600000e+00	100
1.010400000e+00	100
1.011200000e+00	100
1.012000000e+00	100
1.012800000e+00	100
1.013600000e+00	100
1.014400000e+00	100
1.015200000e+00	100
1.016000000e+00	100
1.016800000e+00	100
1.017600000e+00	100
1.018400000e+00	100
1.019200000e+00	100
1.020000000e+00	100
1.020800000e+00	100
1.021600000e+00	100
1.022400000e+00	100
1.023200000e+00	100
1.024000000e+00	100
1.024800000e+00	100
1.025600000e+00	100
1.026400000e+00	100
1.027200000e+00	100
1.028000000e+00	100
1.028800000e+00	100
1.029600000e+00	100
1.030400000e+00	100
1.031200000e+00	100
1.032000000e+00	100
1.032800000e+00	100
1.033600000e+00	100
1.034400000e+00	100
1.035200000e+00	100
1.036000000e+00	100
1.036800000e+00	100
1.037600000e+00	100
1.038400000e+00	100
1.039200000e+00	100
1.040000000e+00	100
1.040800000e+00	100
1.041600000e+00	100
1.042400000e+00	100
1.043200000e+00	100
1.044000000e+00	100
1.044800000e+00	100
1.045600000e+00	100
1.046400000e+00	100
1.047200000e+00	100
1.048000000e+00	6
1.048800000e+00	6
1.049600000e+00	6
1.050400000e+00	6
1.051200000e+00	95
1.052000000e+00	98
1.052800000e+00	100
1.053600000e+00	100
1.054400000e+00	100
1.055200000e+00	100
1.056000000e+00	100
1.056800000e+00	100
1.057600000e+00	100
1.058400000e+00	100
1.059200000e+00	100
1.060000000e+00	100
1.060800000e+00	100
1.061600000e+00	100
1.062400000e+00	100
1.063200000e+00	100
1.064000000e+00	100
1.064800000e+00	100
1.065600000e+00	100
1.066400000e+00	100
1.067200000e+00	100
1.068000000e+00	100
1.068800000e+00	100
1.069600000e+00	100
1.070400000e+00	100
1.071200000e+00	100
1.072000000e+00	100
1.072800000e+00	100
1.073600000e+00	100
1.074400000e+00	100
1.075200000e+00	99
1.076000000e+00	100
1.076800000e+00	100
1.077600000e+00	100
1.078400000e+00	100
1.079200000e+00	100
1.080000000e+00	100
1.080800000e+00	100
1.081600000e+00	100
1.082400000e+00	100
1.083200000e+00	100
1.084000000e+00	100
1.084800000e+00	8
1.085600000e+00	100
1.086400000e+00	100
1.087200000e+00	100
1.088000000e+00	100
1.088800000e+00	100
1.089600000e+00	100
1.090400000e+00	100
1.091200000e+00	99
1.092000000e+00	100
1.092800000e+00	100
1.093600000e+00	100
1.094400000e+00	100
1.095200000e+00	100
1.096000000e+00	100
1.096800000e+00	100
1.097600000e+00	100
1.098400000e+00	100
1.099200000e+00	100
1.100000000e+00	100
1.100800000e+00	100
1.101600000e+00	100
1.102400000e+00	100
1.103200000e+00	100
1.104000000e+00	100
1.104800000e+00	100
1.105600000e+00	100
1.106400000e+00	100
1.107200000e+00	100
1.108000000e+00	100
1.108800000e+00	100
1.109600000e+00	100
1.110400000e+00	100
1.111200000e+00	100
1.112000000e+00	100
1.112800000e+00	100
1.113600000e+00	100
1.114400000e+00	100
1.115200000e+00	100
1.116000000e+00	100
1.116800000e+00	100
1.117600000e+00	100
1.118400000e+00	100
1.119200000e+00	100
1.120000000e+00	100
1.120800000e+00	100
1.121600000e+00	100
1.122400000e+00	100
1.123200000e+00	100
1.124000000e+00	100
1.124800000e+00	100
1.125600000e+00	100
1.126400000e+00	100
1.127200000e+00	100
1.128000000e+00	100
1.128800000e+00	100
1.129600000e+00	100
1.130400000e+00	100
1.131200000e+00	100
1.132000000e+00	100
1.132800000e+00	100
1.133600000e+00	100
1.134400000e+00	100
1.135200000e+00	100
1.136000000e+00	100
1.136800000e+00	100
1.137600000e+00	100
1.138400000e+00	100
1.139200000e+00	100
1.140000000e+00	100
1.140800000e+00	4
1.141600000e+00	4
1.142400000e+00	4
1.143200000e+00	4
1.144000000e+00	4
1.144800000e+00	4
1.145600000e+00	4
1.146400000e+00	4
1.147200000e+00	4
1.148000000e+00	4
1.148800000e+00	4
1.149600000e+00	4
1.150400000e+00	4
1.151200000e+00	4
1.152000000e+00	4
1.152800000e+00	4
1.153600000e+00	4
1.154400000e+00	4
1.155200000e+00	4
1.156000000e+00	4
1.156800000e+00	4
1.157600000e+00	4
1.158400000e+00	4
1.159200000e+00	4
1.160000000e+00	4
1.160800000e+00	4
1.161600000e+00	4
1.162400000e+00	8
1.163200000e+00	8
1.164000000e+00	16
1.164800000e+00	100
1.165600000e+00	71
1.166400000e+00	99
1.167200000e+00	100
1.168000000e+00	99
1.168800000e+00	100
1.169600000e+00	12
1.170400000e+00	95
1.171200000e+00	100
1.172000000e+00	100
1.172800000e+00	100
1.173600000e+00	100
1.174400000e+00	100
1.175200000e+00	100
1.176000000e+00	100
1.176800000e+00	100
1.177600000e+00	100
1.178400000e+00	100
1.179200000e+00	100
1.180000000e+00	99
1.180800000e+00	100
1.181600000e+00	100
1.182400000e+00	100
1.183200000e+00	100
1.184000000e+00	100
1.184800000e+00	100
1.185600000e+00	100
1.186400000e+00	100
1.187200000e+00	100
1.188000000e+00	100
1.188800000e+00	100
1.189600000e+00	100
1.190400000e+00	100
1.191200000e+00	100
1.192000000e+00	100
1.192800000e+00	100
1.193600000e+00	100
1.194400000e+00	100
1.195200000e+00	100
1.196000000e+00	100
1.196800000e+00	100
1.197600000e+00	100
1.198400000e+00	100
1.199200000e+00	100
1.200000000e+00	100
1.200800000e+00	99
1.201600000e+00	100
1.202400000e+00	100
1.203200000e+00	100
1.204000000e+00	100
1.204800000e+00	100
1.205600000e+00	100
1.206400000e+00	100
1.207200000e+00	100
1.208000000e+00	100
1.208800000e+00	100
1.209600000e+00	100
1.210400000e+00	100
1.211200000e+00	100
1.212000000e+00	100
1.212800000e+00	100
1.213600000e+00	100
1.214400000e+00	100
1.215200000e+00	100
1.216000000e+00	100
1.216800000e+00	100
1.217600000e+00	100
1.218400000e+00	100
1.219200000e+00	100
1.220000000e+00	100
1.220800000e+00	100
1.221600000e+00	100
1.222400000e+00	100
1.223200000e+00	100
1.224000000e+00	100
1.224800000e+00	100
1.225600000e+00	100
1.226400000e+00	100
1.227200000e+00	100
1.228000000e+00	100
1.228800000e+00	100
1.229600000e+00	100
1.230400000e+00	100
1.231200000e+00	100
1.232000000e+00	100
1.232800000e+00	100
1.233600000e+00	100
1.234400000e+00	100
1.235200000e+00	100
1.236000000e+00	97
1.236800000e+00	100
1.237600000e+00	99
1.238400000e+00	100
1.239200000e+00	100
1.240000000e+00	100
1.240800000e+00	100
1.241600000e+00	99
1.242400000e+00	100
1.243200000e+00	100
1.244000000e+00	100
1.244800000e+00	100
1.245600000e+00	6
1.246400000e+00	6
1.247200000e+00	6
1.248000000e+00	98
1.248800000e+00	100
1.249600000e+00	100
1.250400000e+00	100
1.251200000e+00	100
1.252000000e+00	100
1.252800000e+00	100
1.253600000e+00	100
1.254400000e+00	100
1.255200000e+00	100
1.256000000e+00	100
1.256800000e+00	100
1.257600000e+00	100
1.258400000e+00	100
1.259200000e+00	100
1.260000000e+00	100
1.260800000e+00	100
1.261600000e+00	100
1.262400000e+00	100
1.263200000e+00	100
1.264000000e+00	100
1.264800000e+00	100
1.265600000e+00	100
1.266400000e+00	100
1.267200000e+00	100
1.268000000e+00	100
1.268800000e+00	100
1.269600000e+00	100
1.270400000e+00	100
1.271200000e+00	100
1.272000000e+00	100
1.272800000e+00	100
1.273600000e+00	100
1.274400000e+00	100
1.275200000e+00	100
1.276000000e+00	93
1.276800000e+00	100
1.277600000e+00	100
1.278400000e+00	100
1.279200000e+00	100
1.280000000e+00	100
1.280800000e+00	100
1.281600000e+00	100
1.282400000e+00	100
1.283200000e+00	100
1.284000000e+00	98
1.284800000e+00	100
1.285600000e+00	100
1.286400000e+00	100
1.287200000e+00	100
1.288000000e+00	100
1.288800000e+00	100
1.289600000e+00	100
1.290400000e+00	100
1.291200000e+00	100
1.292000000e+00	100
1.292800000e+00	100
1.293600000e+00	100
1.294400000e+00	100
1.295200000e+00	100
1.296000000e+00	100
1.296800000e+00	99
1.297600000e+00	100
1.298400000e+00	100
1.299200000e+00	100
1.300000000e+00	100
1.300800000e+00	100
1.301600000e+00	100
1.302400000e+00	100
1.303200000e+00	100
1.304000000e+00	100
1.304800000e+00	100
1.305600000e+00	100
1.306400000e+00	100
1.307200000e+00	100
1.308000000e+00	100
1.308800000e+00	100
1.309600000e+00	100
1.310400000e+00	100
1.311200000e+00	100
1.312000000e+00	100
1.312800000e+00	100
1.313600000e+00	99
1.314400000e+00	100
1.315200000e+00	100
1.316000000e+00	100
1.316800000e+00	100
1.317600000e+00	100
1.318400000e+00	100
1.319200000e+00	100
1.320000000e+00	100
1.320800000e+00	100
1.321600000e+00	100
1.322400000e+00	99
1.323200000e+00	3
1.324000000e+00	3
1.324800000e+00	12
1.325600000e+00	96
1.326400000e+00	100
1.327200000e+00	100
1.328000000e+00	100
1.328800000e+00	100
1.329600000e+00	99
1.330400000e+00	100
1.331200000e+00	99
1.332000000e+00	100
1.332800000e+00	100
1.333600000e+00	100
1.334400000e+00	100
1.335200000e+00	100
1.336000000e+00	100
1.336800000e+00	100
1.337600000e+00	100
1.338400000e+00	100
1.339200000e+00	100
1.340000000e+00	100
1.340800000e+00	100
1.341600000e+00	100
1.342400000e+00	100
1.343200000e+00	100
1.344000000e+00	100
1.344800000e+00	100
1.345600000e+00	100
1.346400000e+00	100
1.347200000e+00	100
1.348000000e+00	100
1.348800000e+00	100
1.349600000e+00	100
1.350400000e+00	100
1.351200000e+00	100
1.352000000e+00	100
1.352800000e+00	100
1.353600000e+00	100
1.354400000e+00	100
1.355200000e+00	100
1.356000000e+00	100
1.356800000e+00	100
1.357600000e+00	100
1.358400000e+00	97
1.359200000e+00	100
1.360000000e+00	100
1.360800000e+00	100
1.361600000e+00	97
1.362400000e+00	100
1.363200000e+00	100
1.364000000e+00	100
1.364800000e+00	100
1.365600000e+00	100
1.366400000e+00	100
1.367200000e+00	100
1.368000000e+00	100
1.368800000e+00	100
1.369600000e+00	96
1.370400000e+00	100
1.371200000e+00	97
1.372000000e+00	100
1.372800000e+00	100
1.373600000e+00	100
1.374400000e+00	10
1.375200000e+00	100
1.376000000e+00	100
1.376800000e+00	100
1.377600000e+00	100
1.378400000e+00	100
1.379200000e+00	100
1.380000000e+00	100
1.380800000e+00	100
1.381600000e+00	100
1.382400000e+00	100
1.383200000e+00	100
1.384000000e+00	100
1.384800000e+00	100
1.385600000e+00	100
1.386400000e+00	8
1.387200000e+00	100
1.388000000e+00	100
1.388800000e+00	100
1.389600000e+00	100
1.390400000e+00	100
1.391200000e+00	100
1.392000000e+00	100
1.392800000e+00	100
1.393600000e+00	100
1.394400000e+00	100
1.395200000e+00	100
1.396000000e+00	98
1.396800000e+00	99
1.397600000e+00	100
1.398400000e+00	100
1.399200000e+00	100
1.400000000e+00	100
1.400800000e+00	100
1.401600000e+00	100
1.402400000e+00	100
1.403200000e+00	100
1.404000000e+00	100
1.404800000e+00	100
1.405600000e+00	100
1.406400000e+00	97
1.407200000e+00	100
1.408000000e+00	100
1.408800000e+00	100
1.409600000e+00	100
1.410400000e+00	100
1.411200000e+00	100
1.412000000e+00	100
1.412800000e+00	100
1.413600000e+00	100
1.414400000e+00	100
1.415200000e+00	99
1.416000000e+00	100
1.416800000e+00	100
1.417600000e+00	100
1.418400000e+00	100
1.419200000e+00	100
1.420000000e+00	100
1.420800000e+00	100
1.421600000e+00	100
1.422400000e+00	100
1.423200000e+00	100
1.424000000e+00	100
1.424800000e+00	100
1.425600000e+00	100
1.426400000e+00	100
1.427200000e+00	100
1.428000000e+00	100
1.428800000e+00	100
1.429600000e+00	100
1.430400000e+00	100
1.431200000e+00	100
1.432000000e+00	100
1.432800000e+00	100
1.433600000e+00	100
1.434400000e+00	100
1.435200000e+00	100
1.436000000e+00	100
1.436800000e+00	100
1.437600000e+00	100
1.438400000e+00	100
1.439200000e+00	100
1.440000000e+00	96
1.440800000e+00	100
1.441600000e+00	100
1.442400000e+00	100
1.443200000e+00	100
1.444000000e+00	95
1.444800000e+00	100
1.445600000e+00	100
1.446400000e+00	100
1.447200000e+00	100
1.448000000e+00	100
1.448800000e+00	100
1.449600000e+00	100
1.450400000e+00	100
1.451200000e+00	100
1.452000000e+00	100
1.452800000e+00	100
1.453600000e+00	100
1.454400000e+00	100
1.455200000e+00	100
1.456000000e+00	100
1.456800000e+00	100
1.457600000e+00	100
1.458400000e+00	100
1.459200000e+00	100
1.460000000e+00	100
1.460800000e+00	100
1.461600000e+00	100
1.462400000e+00	100
1.463200000e+00	100
1.464000000e+00	100
1.464800000e+00	100
1.465600000e+00	2
1.466400000e+00	2
1.467200000e+00	2
1.468000000e+00	2
1.468800000e+00	2
1.469600000e+00	2
1.470400000e+00	2
1.471200000e+00	2
1.472000000e+00	2
1.472800000e+00	2
1.473600000e+00	2
1.474400000e+00	2
1.475200000e+00	2
1.476000000e+00	2
1.476800000e+00	2
1.477600000e+00	2
1.478400000e+00	2
1.479200000e+00	2
1.480000000e+00	2
1.480800000e+00	2
1.481600000e+00	2
1.482400000e+00	2
1.483200000e+00	2
1.484000000e+00	2
1.484800000e+00	2
1.485600000e+00	2
1.486400000e+00	2
1.487200000e+00	2
1.488000000e+00	2
1.488800000e+00	2
1.489600000e+00	2
1.490400000e+00	2
1.491200000e+00	2
1.492000000e+00	2
1.492800000e+00	2
1.493600000e+00	2
1.494400000e+00	2
1.495200000e+00	2
1.496000000e+00	2
1.496800000e+00	2
1.497600000e+00	2
1.498400000e+00	2
1.499200000e+00	2
1.500000000e+00	2
1.500800000e+00	2
1.501600000e+00	2
1.502400000e+00	2
1.503200000e+00	2
1.504000000e+00	2
1.504800000e+00	2
1.505600000e+00	2
1.506400000e+00	2
1.507200000e+00	2
1.508000000e+00	2
1.508800000e+00	2
1.509600000e+00	2
1.510400000e+00	2
1.511200000e+00	2
1.512000000e+00	2
1.512800000e+00	2
1.513600000e+00	2
1.514400000e+00	2
1.515200000e+00	2
1.516000000e+00	2
1.516800000e+00	2
1.517600000e+00	2
1.518400000e+00	2
1.519200000e+00	2
1.520000000e+00	2
1.520800000e+00	2
1.521600000e+00	2
1.522400000e+00	2
1.523200000e+00	2
1.524000000e+00	2
1.524800000e+00	2
1.525600000e+00	2
1.526400000e+00	2
1.527200000e+00	2
1.528000000e+00	2
1.528800000e+00	2
1.529600000e+00	2
1.530400000e+00	2
1.531200000e+00	2
1.532000000e+00	2
1.532800000e+00	2
1.533600000e+00	2
1.534400000e+00	2
1.535200000e+00	2
1.536000000e+00	2
1.536800000e+00	2
1.537600000e+00	2
1.538400000e+00	2
1.539200000e+00	2
1.540000000e+00	2
1.540800000e+00	2
1.541600000e+00	2
1.542400000e+00	2
1.543200000e+00	2
1.544000000e+00	2
1.544800000e+00	2
1.545600000e+00	2
1.546400000e+00	2
1.547200000e+00	2
1.548000000e+00	2
1.548800000e+00	2
1.549600000e+00	2
1.550400000e+00	2
1.551200000e+00	2
1.552000000e+00	2
1.552800000e+00	2
1.553600000e+00	2
1.554400000e+00	2
1.555200000e+00	2
1.556000000e+00	2
1.556800000e+00	2
1.557600000e+00	2
1.558400000e+00	2
1.559200000e+00	2
1.560000000e+00	2
1.560800000e+00	2
1.561600000e+00	2
1.562400000e+00	2
1.563200000e+00	2
1.564000000e+00	2
1.564800000e+00	2
1.565600000e+00	2
1.566400000e+00	2
1.567200000e+00	2
1.568000000e+00	2
1.568800000e+00	2
1.569600000e+00	2
1.570400000e+00	2
1.571200000e+00	2
1.572000000e+00	2
1.572800000e+00	2
1.573600000e+00	2
1.574400000e+00	2
1.575200000e+00	2
1.576000000e+00	2
1.576800000e+00	2
1.577600000e+00	2
1.578400000e+00	2
1.579200000e+00	2
1.580000000e+00	2
1.580800000e+00	2
1.581600000e+00	2
1.582400000e+00	2
1.583200000e+00	2
1.584000000e+00	2
1.584800000e+00	2
1.585600000e+00	2
1.586400000e+00	2
1.587200000e+00	2
1.588000000e+00	2
1.588800000e+00	2
1.589600000e+00	2
1.590400000e+00	2
1.591200000e+00	2
1.592000000e+00	2
1.592800000e+00	2
1.593600000e+00	2
1.594400000e+00	2
1.595200000e+00	2
1.596000000e+00	2
1.596800000e+00	2
1.597600000e+00	2
1.598400000e+00	2
1.599200000e+00	2
1.600000000e+00	2
1.600800000e+00	2
1.601600000e+00	2
1.602400000e+00	2
1.603200000e+00	2
1.604000000e+00	2
1.604800000e+00	2
1.605600000e+00	2
1.606400000e+00	2
1.607200000e+00	2
1.608000000e+00	2
1.608800000e+00	2
1.609600000e+00	2
1.610400000e+00	2
1.611200000e+00	2
1.612000000e+00	2
1.612800000e+00	2
1.613600000e+00	2
1.614400000e+00	2
1.615200000e+00	2
1.616000000e+00	2
1.616800000e+00	2
1.617600000e+00	2
1.618400000e+00	2
1.619200000e+00	2
1.620000000e+00	2
1.620800000e+00	2
1.621600000e+00	2
1.622400000e+00	2
1.623200000e+00	2
1.624000000e+00	2
1.624800000e+00	2
1.625600000e+00	2
1.626400000e+00	2
1.627200000e+00	2
1.628000000e+00	2
1.628800000e+00	2
1.629600000e+00	2
1.630400000e+00	2
1.631200000e+00	2
1.632000000e+00	2
1.632800000e+00	2
1.633600000e+00	2
1.634400000e+00	2
1.635200000e+00	2
1.636000000e+00	2
1.636800000e+00	2
1.637600000e+00	2
1.638400000e+00	2
1.639200000e+00	2
1.640000000e+00	2
1.640800000e+00	2
1.641600000e+00	2
1.642400000e+00	2
1.643200000e+00	2
1.644000000e+00	2
1.644800000e+00	2
1.645600000e+00	2
1.646400000e+00	2
1.647200000e+00	2
1.648000000e+00	2
1.648800000e+00	2
1.649600000e+00	2
1.650400000e+00	2
1.651200000e+00	2
1.652000000e+00	2
1.652800000e+00	2
1.653600000e+00	2
1.654400000e+00	2
1.655200000e+00	2
1.656000000e+00	2
1.656800000e+00	4
1.657600000e+00	4
1.658400000e+00	4
1.659200000e+00	4
1.660000000e+00	4
1.660800000e+00	4
1.661600000e+00	4
1.662400000e+00	4
1.663200000e+00	4
1.664000000e+00	4
1.664800000e+00	4
1.665600000e+00	4
1.666400000e+00	4
1.667200000e+00	4
1.668000000e+00	4
1.668800000e+00	4
1.669600000e+00	4
1.670400000e+00	8
1.671200000e+00	8
1.672000000e+00	8
1.672800000e+00	8
1.673600000e+00	16
1.674400000e+00	99
1.675200000e+00	49
1.676000000e+00	98
1.676800000e+00	100
1.677600000e+00	96
1.678400000e+00	95
1.679200000e+00	10
1.680000000e+00	96
1.680800000e+00	100
1.681600000e+00	99
1.682400000e+00	6
1.683200000e+00	12
1.684000000e+00	100
1.684800000e+00	99
1.685600000e+00	99
1.686400000e+00	100
1.687200000e+00	100
1.688000000e+00	100
1.688800000e+00	100
1.689600000e+00	100
1.690400000e+00	100
1.691200000e+00	100
1.692000000e+00	100
1.692800000e+00	100
1.693600000e+00	100
1.694400000e+00	99
1.695200000e+00	100
1.696000000e+00	100
1.696800000e+00	100
1.697600000e+00	100
1.698400000e+00	98
1.699200000e+00	99
1.700000000e+00	10
1.700800000e+00	100
1.701600000e+00	98
1.702400000e+00	100
1.703200000e+00	100
1.704000000e+00	100
1.704800000e+00	100
1.705600000e+00	98
1.706400000e+00	100
1.707200000e+00	100
1.708000000e+00	100
1.708800000e+00	100
1.709600000e+00	100
1.710400000e+00	100
1.711200000e+00	100
1.712000000e+00	99
1.712800000e+00	100
1.713600000e+00	100
1.714400000e+00	6
1.715200000e+00	6
1.716000000e+00	6
1.716800000e+00	6
1.717600000e+00	12
1.718400000e+00	99
1.719200000e+00	96
1.720000000e+00	100
1.720800000e+00	98
1.721600000e+00	100
1.722400000e+00	100
1.723200000e+00	98
1.724000000e+00	99
1.724800000e+00	100
1.725600000e+00	99
1.726400000e+00	100
1.727200000e+00	99
1.728000000e+00	100
1.728800000e+00	100
1.729600000e+00	100
1.730400000e+00	100
1.731200000e+00	100
1.732000000e+00	99
1.732800000e+00	97
1.733600000e+00	98
1.734400000e+00	100
1.735200000e+00	100
1.736000000e+00	100
1.736800000e+00	4
1.737600000e+00	96
1.738400000e+00	100
1.739200000e+00	100
1.740000000e+00	100
1.740800000e+00	100
1.741600000e+00	100
1.742400000e+00	100
1.743200000e+00	100
1.744000000e+00	100
1.744800000e+00	100
1.745600000e+00	100
1.746400000e+00	100
1.747200000e+00	100
1.748000000e+00	100
1.748800000e+00	100
1.749600000e+00	98
1.750400000e+00	100
1.751200000e+00	100
1.752000000e+00	100
1.752800000e+00	100
1.753600000e+00	100
1.754400000e+00	100
1.755200000e+00	100
1.756000000e+00	100
1.756800000e+00	100
1.757600000e+00	100
1.758400000e+00	100
1.759200000e+00	99
1.760000000e+00	100
1.760800000e+00	100
1.761600000e+00	100
1.762400000e+00	100
1.763200000e+00	100
1.764000000e+00	100
1.764800000e+00	100
1.765600000e+00	100
1.766400000e+00	100
1.767200000e+00	100
1.768000000e+00	100
1.768800000e+00	100
1.769600000e+00	100
1.770400000e+00	100
1.771200000e+00	100
1.772000000e+00	100
1.772800000e+00	100
1.773600000e+00	100
1.774400000e+00	100
1.775200000e+00	100
1.776000000e+00	100
1.776800000e+00	100
1.777600000e+00	100
1.778400000e+00	100
1.779200000e+00	100
1.780000000e+00	100
1.780800000e+00	100
1.781600000e+00	100
1.782400000e+00	100
1.783200000e+00	99
1.784000000e+00	100
1.784800000e+00	100
1.785600000e+00	100
1.786400000e+00	100
1.787200000e+00	100
1.788000000e+00	100
1.788800000e+00	97
1.789600000e+00	100
1.790400000e+00	100
1.791200000e+00	100
1.792000000e+00	3
1.792800000e+00	99
1.793600000e+00	100
1.794400000e+00	100
1.795200000e+00	100
1.796000000e+00	100
1.796800000e+00	100
1.797600000e+00	100
1.798400000e+00	99
1.799200000e+00	100
1.800000000e+00	100
1.800800000e+00	100
1.801600000e+00	100
1.802400000e+00	100
1.803200000e+00	100
1.804000000e+00	100
1.804800000e+00	100
1.805600000e+00	100
1.806400000e+00	100
1.807200000e+00	100
1.808000000e+00	100
1.808800000e+00	100
1.809600000e+00	100
1.810400000e+00	100
1.811200000e+00	98
1.812000000e+00	100
1.812800000e+00	100
1.813600000e+00	100
1.814400000e+00	100
1.815200000e+00	100
1.816000000e+00	100
1.816800000e+00	100
1.817600000e+00	100
1.818400000e+00	100
1.819200000e+00	100
1.820000000e+00	100
1.820800000e+00	100
1.821600000e+00	100
1.822400000e+00	100
1.823200000e+00	100
1.824000000e+00	100
1.824800000e+00	100
1.825600000e+00	100
1.826400000e+00	100
1.827200000e+00	100
1.828000000e+00	100
1.828800000e+00	100
1.829600000e+00	100
1.830400000e+00	100
1.831200000e+00	100
1.832000000e+00	100
1.832800000e+00	100
1.833600000e+00	100
1.834400000e+00	6
1.835200000e+00	100
1.836000000e+00	100
1.836800000e+00	100
1.837600000e+00	100
1.838400000e+00	100
1.839200000e+00	100
1.840000000e+00	100
1.840800000e+00	100
1.841600000e+00	100
1.842400000e+00	100
1.843200000e+00	100
1.844000000e+00	100
1.844800000e+00	100
1.845600000e+00	100
1.846400000e+00	100
1.847200000e+00	100
1.848000000e+00	100
1.848800000e+00	100
1.849600000e+00	100
1.850400000e+00	100
1.851200000e+00	100
1.852000000e+00	100
1.852800000e+00	100
1.853600000e+00	100
1.854400000e+00	100
1.855200000e+00	100
1.856000000e+00	100
1.856800000e+00	100
1.857600000e+00	100
1.858400000e+00	100
1.859200000e+00	100
1.860000000e+00	100
1.860800000e+00	100
1.861600000e+00	100
1.862400000e+00	100
1.863200000e+00	100
1.864000000e+00	100
1.864800000e+00	100
1.865600000e+00	100
1.866400000e+00	100
1.867200000e+00	100
1.868000000e+00	100
1.868800000e+00	100
1.869600000e+00	100
1.870400000e+00	100
1.871200000e+00	100
1.872000000e+00	100
1.872800000e+00	100
1.873600000e+00	100
1.874400000e+00	100
1.875200000e+00	100
1.876000000e+00	100
1.876800000e+00	100
1.877600000e+00	3
1.878400000e+00	100
1.879200000e+00	100
1.880000000e+00	100
1.880800000e+00	98
1.881600000e+00	99
1.882400000e+00	100
1.883200000e+00	100
1.884000000e+00	98
1.884800000e+00	100
1.885600000e+00	100
1.886400000e+00	100
1.887200000e+00	100
1.888000000e+00	99
1.888800000e+00	100
1.889600000e+00	100
1.890400000e+00	100
1.891200000e+00	100
1.892000000e+00	100
1.892800000e+00	100
1.893600000e+00	100
1.894400000e+00	100
1.895200000e+00	100
1.896000000e+00	99
1.896800000e+00	100
1.897600000e+00	100
1.898400000e+00	100
1.899200000e+00	100
1.900000000e+00	100
1.900800000e+00	100
1.901600000e+00	100
1.902400000e+00	100
1.903200000e+00	100
1.904000000e+00	100
1.904800000e+00	100
1.905600000e+00	100
1.906400000e+00	100
1.907200000e+00	100
1.908000000e+00	100
1.908800000e+00	98
1.909600000e+00	100
1.910400000e+00	100
1.911200000e+00	100
1.912000000e+00	100
1.912800000e+00	100
1.913600000e+00	100
1.914400000e+00	100
1.915200000e+00	4
1.916000000e+00	4
1.916800000e+00	4
1.917600000e+00	4
1.918400000e+00	4
1.919200000e+00	4
1.920000000e+00	4
1.920800000e+00	89
1.921600000e+00	95
1.922400000e+00	98
1.923200000e+00	100
1.924000000e+00	100
1.924800000e+00	100
1.925600000e+00	100
1.926400000e+00	100
1.927200000e+00	100
1.928000000e+00	100
1.928800000e+00	100
1.929600000e+00	100
1.930400000e+00	100
1.931200000e+00	100
1.932000000e+00	100
1.932800000e+00	100
1.933600000e+00	100
1.934400000e+00	100
1.935200000e+00	100
1.936000000e+00	100
1.936800000e+00	100
1.937600000e+00	100
1.938400000e+00	99
1.939200000e+00	100
1.940000000e+00	100
1.940800000e+00	100
1.941600000e+00	100
1.942400000e+00	99
1.943200000e+00	100
1.944000000e+00	100
1.944800000e+00	100
1.945600000e+00	100
1.946400000e+00	100
1.947200000e+00	100
1.948000000e+00	100
1.948800000e+00	100
1.949600000e+00	100
1.950400000e+00	98
1.951200000e+00	100
1.952000000e+00	97
1.952800000e+00	100
1.953600000e+00	100
1.954400000e+00	100
1.955200000e+00	99
1.956000000e+00	100
1.956800000e+00	100
1.957600000e+00	100
1.958400000e+00	100
1.959200000e+00	100
1.960000000e+00	100
1.960800000e+00	100
1.961600000e+00	100
1.962400000e+00	100
1.963200000e+00	100
1.964000000e+00	100
1.964800000e+00	100
1.965600000e+00	100
1.966400000e+00	100
1.967200000e+00	100
1.968000000e+00	100
1.968800000e+00	100
1.969600000e+00	100
1.970400000e+00	100
1.971200000e+00	100
1.972000000e+00	100
1.972800000e+00	100
1.973600000e+00	100
1.974400000e+00	100
1.975200000e+00	100
1.976000000e+00	100
1.976800000e+00	100
1.977600000e+00	100
1.978400000e+00	100
1.979200000e+00	100
1.980000000e+00	99
1.980800000e+00	100
1.981600000e+00	100
1.982400000e+00	100
1.983200000e+00	100
1.984000000e+00	100
1.984800000e+00	99
1.985600000e+00	100
1.986400000e+00	100
1.987200000e+00	100
1.988000000e+00	100
1.988800000e+00	100
1.989600000e+00	100
1.990400000e+00	100
1.991200000e+00	100
1.992000000e+00	100
1.992800000e+00	100
1.993600000e+00	100
1.994400000e+00	100
1.995200000e+00	100
1.996000000e+00	100
1.996800000e+00	100
1.997600000e+00	100
1.998400000e+00	100
1.999200000e+00	100
2.000000000e+00	100
2.000800000e+00	99
2.001600000e+00	100
2.002400000e+00	100
2.003200000e+00	100
2.004000000e+00	100
2.004800000e+00	100
2.005600000e+00	100
2.006400000e+00	100
2.007200000e+00	100
2.008000000e+00	100
2.008800000e+00	100
2.009600000e+00	100
2.010400000e+00	100
2.011200000e+00	100
2.012000000e+00	100
2.012800000e+00	100
2.013600000e+00	100
2.014400000e+00	100
2.015200000e+00	100
2.016000000e+00	100
2.016800000e+00	100
2.017600000e+00	100
2.018400000e+00	100
2.019200000e+00	100
2.020000000e+00	100
2.020800000e+00	100
2.021600000e+00	100
2.022400000e+00	100
2.023200000e+00	100
2.024000000e+00	100
2.024800000e+00	100
2.025600000e+00	100
2.026400000e+00	100
2.027200000e+00	100
2.028000000e+00	100
2.028800000e+00	100
2.029600000e+00	100
2.030400000e+00	100
2.031200000e+00	100
2.032000000e+00	100
2.032800000e+00	100
2.033600000e+00	100
2.034400000e+00	100
2.035200000e+00	100
2.036000000e+00	100
2.036800000e+00	100
2.037600000e+00	100
2.038400000e+00	100
2.039200000e+00	100
2.040000000e+00	100
2.040800000e+00	100
2.041600000e+00	100
2.042400000e+00	100
2.043200000e+00	100
2.044000000e+00	100
2.044800000e+00	100
2.045600000e+00	100
2.046400000e+00	100
2.047200000e+00	100
2.048000000e+00	100
2.048800000e+00	100
2.049600000e+00	100
2.050400000e+00	100
2.051200000e+00	100
2.052000000e+00	100
2.052800000e+00	100
2.053600000e+00	100
2.054400000e+00	100
2.055200000e+00	100
2.056000000e+00	100
2.056800000e+00	100
2.057600000e+00	100
2.058400000e+00	100
2.059200000e+00	100
2.060000000e+00	100
2.060800000e+00	99
2.061600000e+00	100
2.062400000e+00	100
2.063200000e+00	100
2.064000000e+00	100
2.064800000e+00	100
2.065600000e+00	100
2.066400000e+00	100
2.067200000e+00	100
2.068000000e+00	100
2.068800000e+00	100
2.069600000e+00	100
2.070400000e+00	100
2.071200000e+00	100
2.072000000e+00	100
2.072800000e+00	100
2.073600000e+00	100
2.074400000e+00	100
2.075200000e+00	100
2.076000000e+00	100
2.076800000e+00	2
2.077600000e+00	2
2.078400000e+00	2
2.079200000e+00	4
2.080000000e+00	4
2.080800000e+00	73
2.081600000e+00	93
2.082400000e+00	97
2.083200000e+00	100
2.084000000e+00	100
2.084800000e+00	100
2.085600000e+00	100
2.086400000e+00	100
2.087200000e+00	100
2.088000000e+00	100
2.088800000e+00	100
2.089600000e+00	100
2.090400000e+00	100
2.091200000e+00	100
2.092000000e+00	100
2.092800000e+00	100
2.093600000e+00	100
2.094400000e+00	100
2.095200000e+00	100
2.096000000e+00	100
2.096800000e+00	99
2.097600000e+00	100
2.098400000e+00	100
2.099200000e+00	100
2.100000000e+00	100
2.100800000e+00	100
2.101600000e+00	100
2.102400000e+00	100
2.103200000e+00	100
2.104000000e+00	100
2.104800000e+00	100
2.105600000e+00	100
2.106400000e+00	100
2.107200000e+00	100
2.108000000e+00	100
2.108800000e+00	100
2.109600000e+00	100
2.110400000e+00	100
2.111200000e+00	100
2.112000000e+00	100
2.112800000e+00	100
2.113600000e+00	98
2.114400000e+00	100
2.115200000e+00	6
2.116000000e+00	100
2.116800000e+00	100
2.117600000e+00	98
2.118400000e+00	100
2.119200000e+00	100
2.120000000e+00	100
2.120800000e+00	100
2.121600000e+00	100
2.122400000e+00	100
2.123200000e+00	100
2.124000000e+00	100
2.124800000e+00	100
2.125600000e+00	100
2.126400000e+00	100
2.127200000e+00	100
2.128000000e+00	100
2.128800000e+00	100
2.129600000e+00	100
2.130400000e+00	100
2.131200000e+00	99
2.132000000e+00	100
2.132800000e+00	100
2.133600000e+00	100
2.134400000e+00	100
2.135200000e+00	100
2.136000000e+00	100
2.136800000e+00	100
2.137600000e+00	100
2.138400000e+00	100
2.139200000e+00	100
2.140000000e+00	100
2.140800000e+00	100
2.141600000e+00	100
2.142400000e+00	100
2.143200000e+00	100
2.144000000e+00	100
2.144800000e+00	100
2.145600000e+00	100
2.146400000e+00	100
2.147200000e+00	100
2.148000000e+00	100
2.148800000e+00	100
2.149600000e+00	100
2.150400000e+00	100
2.151200000e+00	100
2.152000000e+00	100
2.152800000e+00	100
2.153600000e+00	100
2.154400000e+00	100
2.155200000e+00	100
2.156000000e+00	100
2.156800000e+00	100
2.157600000e+00	100
2.158400000e+00	100
2.159200000e+00	100
2.160000000e+00	100
2.160800000e+00	100
2.161600000e+00	100
2.162400000e+00	100
2.163200000e+00	100
2.164000000e+00	100
2.164800000e+00	100
2.165600000e+00	100
2.166400000e+00	100
2.167200000e+00	100
2.168000000e+00	100
2.168800000e+00	100
2.169600000e+00	100
2.170400000e+00	100
2.171200000e+00	100
2.172000000e+00	100
2.172800000e+00	100
2.173600000e+00	100
2.174400000e+00	100
2.175200000e+00	100
2.176000000e+00	100
2.176800000e+00	100
2.177600000e+00	100
2.178400000e+00	100
2.179200000e+00	100
2.180000000e+00	100
2.180800000e+00	100
2.181600000e+00	100
2.182400000e+00	100
2.183200000e+00	100
2.184000000e+00	100
2.184800000e+00	100
2.185600000e+00	100
2.186400000e+00	99
2.187200000e+00	100
2.188000000e+00	100
2.188800000e+00	100
2.189600000e+00	100
2.190400000e+00	100
2.191200000e+00	100
2.192000000e+00	100
2.192800000e+00	100
2.193600000e+00	100
2.194400000e+00	100
2.195200000e+00	100
2.196000000e+00	99
2.196800000e+00	100
2.197600000e+00	100
2.198400000e+00	100
2.199200000e+00	100
2.200000000e+00	100
2.200800000e+00	100
2.201600000e+00	100
2.202400000e+00	99
2.203200000e+00	100
2.204000000e+00	100
2.204800000e+00	100
2.205600000e+00	100
2.206400000e+00	100
2.207200000e+00	98
2.208000000e+00	100
2.208800000e+00	100
2.209600000e+00	100
2.210400000e+00	100
2.211200000e+00	100
2.212000000e+00	100
2.212800000e+00	100
2.213600000e+00	100
2.214400000e+00	100
2.215200000e+00	99
2.216000000e+00	100
2.216800000e+00	100
2.217600000e+00	100
2.218400000e+00	100
2.219200000e+00	100
2.220000000e+00	100
2.220800000e+00	100
2.221600000e+00	100
2.222400000e+00	100
2.223200000e+00	100
2.224000000e+00	100
2.224800000e+00	100
2.225600000e+00	100
2.226400000e+00	100
2.227200000e+00	100
2.228000000e+00	100
2.228800000e+00	100
2.229600000e+00	100
2.230400000e+00	100
2.231200000e+00	100
2.232000000e+00	100
2.232800000e+00	100
2.233600000e+00	4
2.234400000e+00	4
2.235200000e+00	4
2.236000000e+00	4
2.236800000e+00	4
2.237600000e+00	4
2.238400000e+00	16
2.239200000e+00	99
2.240000000e+00	82
2.240800000e+00	100
2.241600000e+00	100
2.242400000e+00	100
2.243200000e+00	100
2.244000000e+00	100
2.244800000e+00	100
2.245600000e+00	100
2.246400000e+00	100
2.247200000e+00	100
2.248000000e+00	100
2.248800000e+00	100
2.249600000e+00	100
2.250400000e+00	100
2.251200000e+00	100
2.252000000e+00	100
2.252800000e+00	99
2.253600000e+00	100
2.254400000e+00	100
2.255200000e+00	100
2.256000000e+00	100
2.256800000e+00	100
2.257600000e+00	100
2.258400000e+00	100
2.259200000e+00	100
2.260000000e+00	100
2.260800000e+00	100
2.261600000e+00	100
2.262400000e+00	100
2.263200000e+00	100
2.264000000e+00	100
2.264800000e+00	96
2.265600000e+00	100
2.266400000e+00	100
2.267200000e+00	100
2.268000000e+00	100
2.268800000e+00	100
2.269600000e+00	100
2.270400000e+00	100
2.271200000e+00	100
2.272000000e+00	100
2.272800000e+00	100
2.273600000e+00	100
2.274400000e+00	100
2.275200000e+00	100
2.276000000e+00	100
2.276800000e+00	100
2.277600000e+00	100
2.278400000e+00	100
2.279200000e+00	100
2.280000000e+00	100
2.280800000e+00	100
2.281600000e+00	100
2.282400000e+00	100
2.283200000e+00	100
2.284000000e+00	100
2.284800000e+00	100
2.285600000e+00	100
2.286400000e+00	100
2.287200000e+00	100
2.288000000e+00	100
2.288800000e+00	100
2.289600000e+00	100
2.290400000e+00	100
2.291200000e+00	100
2.292000000e+00	100
2.292800000e+00	100
2.293600000e+00	100
2.294400000e+00	100
2.295200000e+00	100
2.296000000e+00	98
2.296800000e+00	100
2.297600000e+00	100
2.298400000e+00	100
2.299200000e+00	100
2.300000000e+00	100
2.300800000e+00	100
2.301600000e+00	100
2.302400000e+00	100
2.303200000e+00	100
2.304000000e+00	100
2.304800000e+00	100
2.305600000e+00	100
2.306400000e+00	100
2.307200000e+00	100
2.308000000e+00	100
2.308800000e+00	100
2.309600000e+00	100
2.310400000e+00	100
2.311200000e+00	100
2.312000000e+00	100
2.312800000e+00	100
2.313600000e+00	100
2.314400000e+00	100
2.315200000e+00	100
2.316000000e+00	100
2.316800000e+00	100
2.317600000e+00	100
2.318400000e+00	100
2.319200000e+00	100
2.320000000e+00	100
2.320800000e+00	100
2.321600000e+00	100
2.322400000e+00	100
2.323200000e+00	100
2.324000000e+00	98
2.324800000e+00	100
2.325600000e+00	100
2.326400000e+00	100
2.327200000e+00	98
2.328000000e+00	100
2.328800000e+00	100
2.329600000e+00	100
2.330400000e+00	99
2.331200000e+00	100
2.332000000e+00	100
2.332800000e+00	100
2.333600000e+00	100
2.334400000e+00	100
2.335200000e+00	100
2.336000000e+00	100
2.336800000e+00	100
2.337600000e+00	100
2.338400000e+00	100
2.339200000e+00	100
2.340000000e+00	100
2.340800000e+00	100
2.341600000e+00	100
2.342400000e+00	100
2.343200000e+00	100
2.344000000e+00	100
2.344800000e+00	100
2.345600000e+00	100
2.346400000e+00	100
2.347200000e+00	100
2.348000000e+00	100
2.348800000e+00	100
2.349600000e+00	100
2.350400000e+00	100
2.351200000e+00	100
2.352000000e+00	100
2.352800000e+00	100
2.353600000e+00	100
2.354400000e+00	100
2.355200000e+00	100
2.356000000e+00	100
2.356800000e+00	100
2.357600000e+00	100
2.358400000e+00	100
2.359200000e+00	100
2.360000000e+00	100
2.360800000e+00	100
2.361600000e+00	100
2.362400000e+00	100
2.363200000e+00	100
2.364000000e+00	100
2.364800000e+00	100
2.365600000e+00	100
2.366400000e+00	100
2.367200000e+00	100
2.368000000e+00	100
2.368800000e+00	100
2.369600000e+00	100
2.370400000e+00	100
2.371200000e+00	100
2.372000000e+00	100
2.372800000e+00	100
2.373600000e+00	100
2.374400000e+00	100
2.375200000e+00	100
2.376000000e+00	100
2.376800000e+00	100
2.377600000e+00	100
2.378400000e+00	99
2.379200000e+00	100
2.380000000e+00	100
2.380800000e+00	100
2.381600000e+00	90
2.382400000e+00	100
2.383200000e+00	100
2.384000000e+00	100
2.384800000e+00	98
2.385600000e+00	100
2.386400000e+00	100
2.387200000e+00	100
2.388000000e+00	100
2.388800000e+00	100
2.389600000e+00	100
2.390400000e+00	100
2.391200000e+00	100
2.392000000e+00	100
2.392800000e+00	100
2.393600000e+00	100
2.394400000e+00	100
2.395200000e+00	100
2.396000000e+00	100
2.396800000e+00	100
2.397600000e+00	100
2.398400000e+00	100
2.399200000e+00	100
2.400000000e+00	100
2.400800000e+00	100
2.401600000e+00	100
2.402400000e+00	100
2.403200000e+00	100
2.404000000e+00	100
2.404800000e+00	100
2.405600000e+00	100
2.406400000e+00	100
2.407200000e+00	100
2.408000000e+00	100
2.408800000e+00	100
2.409600000e+00	100
2.410400000e+00	100
2.411200000e+00	100
2.412000000e+00	100
2.412800000e+00	100
2.413600000e+00	100
2.414400000e+00	100
2.415200000e+00	100
2.416000000e+00	100
2.416800000e+00	100
2.417600000e+00	100
2.418400000e+00	100
2.419200000e+00	100
2.420000000e+00	100
2.420800000e+00	100
2.421600000e+00	100
2.422400000e+00	100
2.423200000e+00	100
2.424000000e+00	100
2.424800000e+00	100
2.425600000e+00	100
2.426400000e+00	100
2.427200000e+00	100
2.428000000e+00	100
2.428800000e+00	98
2.429600000e+00	100
2.430400000e+00	100
2.431200000e+00	100
2.432000000e+00	100
2.432800000e+00	100
2.433600000e+00	100
2.434400000e+00	99
2.435200000e+00	100
2.436000000e+00	100
2.436800000e+00	100
2.437600000e+00	100
2.438400000e+00	100
2.439200000e+00	100
2.440000000e+00	100
2.440800000e+00	100
2.441600000e+00	100
2.442400000e+00	100
2.443200000e+00	100
2.444000000e+00	100
2.444800000e+00	100
2.445600000e+00	100
2.446400000e+00	100
2.447200000e+00	97
2.448000000e+00	100
2.448800000e+00	100
2.449600000e+00	100
2.450400000e+00	100
2.451200000e+00	100
2.452000000e+00	100
2.452800000e+00	100
2.453600000e+00	100
2.454400000e+00	100
2.455200000e+00	100
2.456000000e+00	100
2.456800000e+00	100
2.457600000e+00	100
2.458400000e+00	100
2.459200000e+00	100
2.460000000e+00	100
2.460800000e+00	100
2.461600000e+00	100
2.462400000e+00	100
2.463200000e+00	100
2.464000000e+00	100
2.464800000e+00	100
2.465600000e+00	100
2.466400000e+00	94
2.467200000e+00	100
2.468000000e+00	100
2.468800000e+00	100
2.469600000e+00	100
2.470400000e+00	100
2.471200000e+00	100
2.472000000e+00	100
2.472800000e+00	100
2.473600000e+00	100
2.474400000e+00	100
2.475200000e+00	100
2.476000000e+00	98
2.476800000e+00	100
2.477600000e+00	100
2.478400000e+00	100
2.479200000e+00	93
2.480000000e+00	1
2.480800000e+00	1
2.481600000e+00	1
2.482400000e+00	1
2.483200000e+00	1
2.484000000e+00	1
2.484800000e+00	1
2.485600000e+00	1
2.486400000e+00	1
2.487200000e+00	1
2.488000000e+00	1
2.488800000e+00	1
2.489600000e+00	1
2.490400000e+00	1
2.491200000e+00	1
2.492000000e+00	1
2.492800000e+00	1
2.493600000e+00	1
2.494400000e+00	1
2.495200000e+00	1
2.496000000e+00	1
2.496800000e+00	1
2.497600000e+00	1
2.498400000e+00	1
2.499200000e+00	1
2.500000000e+00	1
2.500800000e+00	1
2.501600000e+00	1
2.502400000e+00	1
2.503200000e+00	1
2.504000000e+00	1
2.504800000e+00	1
2.505600000e+00	1
2.506400000e+00	1
2.507200000e+00	1
2.508000000e+00	1
2.508800000e+00	1
2.509600000e+00	1
2.510400000e+00	1
2.511200000e+00	1
2.512000000e+00	1
2.512800000e+00	1
2.513600000e+00	1
2.514400000e+00	1
2.515200000e+00	1
2.516000000e+00	1
2.516800000e+00	1
2.517600000e+00	1
2.518400000e+00	1
2.519200000e+00	1
2.520000000e+00	1
2.520800000e+00	1
2.521600000e+00	1
2.522400000e+00	1
2.523200000e+00	1
2.524000000e+00	1
2.524800000e+00	1
2.525600000e+00	1
2.526400000e+00	1
2.527200000e+00	1
2.528000000e+00	1
2.528800000e+00	1
2.529600000e+00	1
2.530400000e+00	1
2.531200000e+00	1
2.532000000e+00	1
2.532800000e+00	1
2.533600000e+00	1
2.534400000e+00	1
2.535200000e+00	1
2.536000000e+00	1
2.536800000e+00	1
2.537600000e+00	1
2.538400000e+00	1
2.539200000e+00	1
2.540000000e+00	1
2.540800000e+00	1
2.541600000e+00	1
2.542400000e+00	1
2.543200000e+00	1
2.544000000e+00	1
2.544800000e+00	1
2.545600000e+00	1
2.546400000e+00	1
2.547200000e+00	1
2.548000000e+00	1
2.548800000e+00	1
2.549600000e+00	1
2.550400000e+00	1
2.551200000e+00	1
2.552000000e+00	1
2.552800000e+00	1
2.553600000e+00	1
2.554400000e+00	1
2.555200000e+00	1
2.556000000e+00	1
2.556800000e+00	1
2.557600000e+00	1
2.558400000e+00	1
2.559200000e+00	1
2.560000000e+00	2
2.560800000e+00	2
2.561600000e+00	2
2.562400000e+00	2
2.563200000e+00	2
2.564000000e+00	2
2.564800000e+00	2
2.565600000e+00	2
2.566400000e+00	2
2.567200000e+00	2
2.568000000e+00	2
2.568800000e+00	2
2.569600000e+00	2
2.570400000e+00	2
2.571200000e+00	2
2.572000000e+00	2
2.572800000e+00	2
2.573600000e+00	2
2.574400000e+00	2
2.575200000e+00	2
2.576000000e+00	2
2.576800000e+00	2
2.577600000e+00	2
2.578400000e+00	2
2.579200000e+00	2
2.580000000e+00	2
2.580800000e+00	2
2.581600000e+00	2
2.582400000e+00	2
2.583200000e+00	2
2.584000000e+00	2
2.584800000e+00	2
2.585600000e+00	2
2.586400000e+00	2
2.587200000e+00	2
2.588000000e+00	2
2.588800000e+00	2
2.589600000e+00	2
2.590400000e+00	2
2.591200000e+00	2
2.592000000e+00	2
2.592800000e+00	2
2.593600000e+00	2
2.594400000e+00	2
2.595200000e+00	2
2.596000000e+00	2
2.596800000e+00	2
2.597600000e+00	2
2.598400000e+00	4
2.599200000e+00	4
2.600000000e+00	4
2.600800000e+00	4
2.601600000e+00	4
2.602400000e+00	4
2.603200000e+00	4
2.604000000e+00	4
2.604800000e+00	4
2.605600000e+00	4
2.606400000e+00	4
2.607200000e+00	4
2.608000000e+00	8
2.608800000e+00	8
2.609600000e+00	16
2.610400000e+00	98
2.611200000e+00	91
2.612000000e+00	76
2.612800000e+00	95
2.613600000e+00	97
2.614400000e+00	89
2.615200000e+00	95
2.616000000e+00	12
2.616800000e+00	98
2.617600000e+00	86
2.618400000e+00	88
2.619200000e+00	100
2.620000000e+00	100
2.620800000e+00	97
2.621600000e+00	99
2.622400000e+00	98
2.623200000e+00	94
2.624000000e+00	98
2.624800000e+00	98
2.625600000e+00	96
2.626400000e+00	100
2.627200000e+00	10
2.628000000e+00	100
2.628800000e+00	99
2.629600000e+00	94
2.630400000e+00	100
2.631200000e+00	100
2.632000000e+00	96
2.632800000e+00	100
2.633600000e+00	100
2.634400000e+00	100
2.635200000e+00	100
2.636000000e+00	100
2.636800000e+00	3
2.637600000e+00	3
2.638400000e+00	6
2.639200000e+00	9
2.640000000e+00	91
2.640800000e+00	98
2.641600000e+00	100
2.642400000e+00	89
2.643200000e+00	95
2.644000000e+00	91
2.644800000e+00	97
2.645600000e+00	96
2.646400000e+00	100
2.647200000e+00	98
2.648000000e+00	97
2.648800000e+00	85
2.649600000e+00	100
2.650400000e+00	99
2.651200000e+00	67
2.652000000e+00	99
2.652800000e+00	95
2.653600000e+00	97
2.654400000e+00	100
2.655200000e+00	100
2.656000000e+00	100
2.656800000e+00	99
2.657600000e+00	99
2.658400000e+00	99
2.659200000e+00	100
2.660000000e+00	100
2.660800000e+00	99
2.661600000e+00	98
2.662400000e+00	100
2.663200000e+00	100
2.664000000e+00	100
2.664800000e+00	100
2.665600000e+00	100
2.666400000e+00	100
2.667200000e+00	98
2.668000000e+00	100
2.668800000e+00	94
2.669600000e+00	100
2.670400000e+00	100
2.671200000e+00	100
2.672000000e+00	100
2.672800000e+00	100
2.673600000e+00	100
2.674400000e+00	100
2.675200000e+00	100
2.676000000e+00	97
2.676800000e+00	100
2.677600000e+00	100
2.678400000e+00	100
2.679200000e+00	99
2.680000000e+00	100
2.680800000e+00	100
2.681600000e+00	100
2.682400000e+00	97
2.683200000e+00	100
2.684000000e+00	100
2.684800000e+00	100
2.685600000e+00	100
2.686400000e+00	100
2.687200000e+00	100
2.688000000e+00	99
2.688800000e+00	100
2.689600000e+00	100
2.690400000e+00	100
2.691200000e+00	100
2.692000000e+00	100
2.692800000e+00	100
2.693600000e+00	100
2.694400000e+00	100
2.695200000e+00	100
2.696000000e+00	100
2.696800000e+00	100
2.697600000e+00	99
2.698400000e+00	100
2.699200000e+00	98
2.700000000e+00	100
2.700800000e+00	100
2.701600000e+00	100
2.702400000e+00	100
2.703200000e+00	100
2.704000000e+00	100
2.704800000e+00	100
2.705600000e+00	100
2.706400000e+00	100
2.707200000e+00	98
2.708000000e+00	100
2.708800000e+00	100
2.709600000e+00	100
2.710400000e+00	99
2.711200000e+00	100
2.712000000e+00	100
2.712800000e+00	100
2.713600000e+00	100
2.714400000e+00	100
2.715200000e+00	100
2.716000000e+00	100
2.716800000e+00	100
2.717600000e+00	100
2.718400000e+00	100
2.719200000e+00	100
2.720000000e+00	100
2.720800000e+00	100
2.721600000e+00	100
2.722400000e+00	100
2.723200000e+00	99
2.724000000e+00	99
2.724800000e+00	100
2.725600000e+00	100
2.726400000e+00	100
2.727200000e+00	100
2.728000000e+00	97
2.728800000e+00	100
2.729600000e+00	100
2.730400000e+00	100
2.731200000e+00	100
2.732000000e+00	100
2.732800000e+00	100
2.733600000e+00	100
2.734400000e+00	100
2.735200000e+00	100
2.736000000e+00	100
2.736800000e+00	100
2.737600000e+00	100
2.738400000e+00	100
2.739200000e+00	100
2.740000000e+00	100
2.740800000e+00	100
2.741600000e+00	100
2.742400000e+00	100
2.743200000e+00	100
2.744000000e+00	100
2.744800000e+00	99
2.745600000e+00	99
2.746400000e+00	100
2.747200000e+00	100
2.748000000e+00	100
2.748800000e+00	100
2.749600000e+00	100
2.750400000e+00	100
2.751200000e+00	100
2.752000000e+00	100
2.752800000e+00	100
2.753600000e+00	100
2.754400000e+00	100
2.755200000e+00	100
2.756000000e+00	100
2.756800000e+00	99
2.757600000e+00	100
2.758400000e+00	100
2.759200000e+00	100
2.760000000e+00	100
2.760800000e+00	100
2.761600000e+00	100
2.762400000e+00	100
2.763200000e+00	100
2.764000000e+00	100
2.764800000e+00	100
2.765600000e+00	100
2.766400000e+00	100
2.767200000e+00	100
2.768000000e+00	100
2.768800000e+00	100
2.769600000e+00	100
2.770400000e+00	100
2.771200000e+00	100
2.772000000e+00	100
2.772800000e+00	100
2.773600000e+00	100
2.774400000e+00	100
2.775200000e+00	100
2.776000000e+00	100
2.776800000e+00	100
2.777600000e+00	100
2.778400000e+00	100
2.779200000e+00	100
2.780000000e+00	100
2.780800000e+00	100
2.781600000e+00	100
2.782400000e+00	100
2.783200000e+00	100
2.784000000e+00	100
2.784800000e+00	100
2.785600000e+00	100
2.786400000e+00	100
2.787200000e+00	100
2.788000000e+00	100
2.788800000e+00	100
2.789600000e+00	100
2.790400000e+00	100
2.791200000e+00	100
2.792000000e+00	100
2.792800000e+00	100
2.793600000e+00	100
2.794400000e+00	100
2.795200000e+00	100
2.796000000e+00	99
2.796800000e+00	100
2.797600000e+00	100
2.798400000e+00	100
2.799200000e+00	100
2.800000000e+00	100
2.800800000e+00	100
2.801600000e+00	100
2.802400000e+00	100
2.803200000e+00	100
2.804000000e+00	100
2.804800000e+00	100
2.805600000e+00	100
2.806400000e+00	100
2.807200000e+00	100
2.808000000e+00	100
2.808800000e+00	100
2.809600000e+00	99
2.810400000e+00	100
2.811200000e+00	100
2.812000000e+00	99
2.812800000e+00	100
2.813600000e+00	100
2.814400000e+00	100
2.815200000e+00	100
2.816000000e+00	100
2.816800000e+00	100
2.817600000e+00	100
2.818400000e+00	100
2.819200000e+00	99
2.820000000e+00	100
2.820800000e+00	100
2.821600000e+00	4
2.822400000e+00	4
2.823200000e+00	4
2.824000000e+00	12
2.824800000e+00	100
2.825600000e+00	100
2.826400000e+00	100
2.827200000e+00	100
2.828000000e+00	100
2.828800000e+00	100
2.829600000e+00	100
2.830400000e+00	100
2.831200000e+00	100
2.832000000e+00	99
2.832800000e+00	100
2.833600000e+00	100
2.834400000e+00	100
2.835200000e+00	100
2.836000000e+00	99
2.836800000e+00	100
2.837600000e+00	8
2.838400000e+00	100
2.839200000e+00	100
2.840000000e+00	100
2.840800000e+00	100
2.841600000e+00	100
2.842400000e+00	100
2.843200000e+00	100
2.844000000e+00	100
2.844800000e+00	99
2.845600000e+00	100
2.846400000e+00	100
2.847200000e+00	100
2.848000000e+00	100
2.848800000e+00	100
2.849600000e+00	98
2.850400000e+00	100
2.851200000e+00	100
2.852000000e+00	100
2.852800000e+00	99
2.853600000e+00	100
2.854400000e+00	100
2.855200000e+00	100
2.856000000e+00	100
2.856800000e+00	99
2.857600000e+00	100
2.858400000e+00	100
2.859200000e+00	100
2.860000000e+00	100
2.860800000e+00	100
2.861600000e+00	100
2.862400000e+00	99
2.863200000e+00	99
2.864000000e+00	100
2.864800000e+00	100
2.865600000e+00	100
2.866400000e+00	100
2.867200000e+00	100
2.868000000e+00	100
2.868800000e+00	100
2.869600000e+00	100
2.870400000e+00	99
2.871200000e+00	100
2.872000000e+00	100
2.872800000e+00	100
2.873600000e+00	100
2.874400000e+00	100
2.875200000e+00	100
2.876000000e+00	100
2.876800000e+00	100
2.877600000e+00	100
2.878400000e+00	100
2.879200000e+00	100
2.880000000e+00	100
2.880800000e+00	100
2.881600000e+00	100
2.882400000e+00	100
2.883200000e+00	99
2.884000000e+00	100
2.884800000e+00	100
2.885600000e+00	100
2.886400000e+00	100
2.887200000e+00	100
2.888000000e+00	100
2.888800000e+00	100
2.889600000e+00	100
2.890400000e+00	100
2.891200000e+00	100
2.892000000e+00	100
2.892800000e+00	100
2.893600000e+00	100
2.894400000e+00	99
2.895200000e+00	100
2.896000000e+00	100
2.896800000e+00	100
2.897600000e+00	100
2.898400000e+00	100
2.899200000e+00	100
2.900000000e+00	100
2.900800000e+00	100
2.901600000e+00	100
2.902400000e+00	100
2.903200000e+00	99
2.904000000e+00	100
2.904800000e+00	100
2.905600000e+00	100
2.906400000e+00	100
2.907200000e+00	99
2.908000000e+00	100
2.908800000e+00	100
2.909600000e+00	99
2.910400000e+00	100
2.911200000e+00	99
2.912000000e+00	100
2.912800000e+00	100
2.913600000e+00	100
2.914400000e+00	100
2.915200000e+00	8
2.916000000e+00	100
2.916800000e+00	100
2.917600000e+00	100
2.918400000e+00	100
2.919200000e+00	99
2.920000000e+00	100
2.920800000e+00	100
2.921600000e+00	100
2.922400000e+00	100
2.923200000e+00	100
2.924000000e+00	100
2.924800000e+00	100
2.925600000e+00	100
2.926400000e+00	100
2.927200000e+00	100
2.928000000e+00	100
2.928800000e+00	100
2.929600000e+00	100
2.930400000e+00	100
2.931200000e+00	100
2.932000000e+00	100
2.932800000e+00	100
2.933600000e+00	100
2.934400000e+00	100
2.935200000e+00	100
2.936000000e+00	100
2.936800000e+00	100
2.937600000e+00	100
2.938400000e+00	100
2.939200000e+00	100
2.940000000e+00	100
2.940800000e+00	100
2.941600000e+00	100
2.942400000e+00	100
2.943200000e+00	100
2.944000000e+00	99
2.944800000e+00	100
2.945600000e+00	2
2.946400000e+00	4
2.947200000e+00	11
2.948000000e+00	99
2.948800000e+00	100
2.949600000e+00	100
2.950400000e+00	100
2.951200000e+00	100
2.952000000e+00	100
2.952800000e+00	100
2.953600000e+00	98
2.954400000e+00	99
2.955200000e+00	100
2.956000000e+00	100
2.956800000e+00	100
2.957600000e+00	100
2.958400000e+00	100
2.959200000e+00	100
2.960000000e+00	100
2.960800000e+00	100
2.961600000e+00	100
2.962400000e+00	100
2.963200000e+00	100
2.964000000e+00	100
2.964800000e+00	100
2.965600000e+00	100
2.966400000e+00	100
2.967200000e+00	100
2.968000000e+00	100
2.968800000e+00	100
2.969600000e+00	100
2.970400000e+00	100
2.971200000e+00	100
2.972000000e+00	100
2.972800000e+00	100
2.973600000e+00	100
2.974400000e+00	100
2.975200000e+00	100
2.976000000e+00	100
2.976800000e+00	100
2.977600000e+00	100
2.978400000e+00	100
2.979200000e+00	100
2.980000000e+00	100
2.980800000e+00	100
2.981600000e+00	100
2.982400000e+00	100
2.983200000e+00	100
2.984000000e+00	100
2.984800000e+00	100
2.985600000e+00	100
2.986400000e+00	100
2.987200000e+00	100
2.988000000e+00	100
2.988800000e+00	100
2.989600000e+00	100
2.990400000e+00	100
2.991200000e+00	99
2.992000000e+00	100
2.992800000e+00	100
2.993600000e+00	100
2.994400000e+00	100
2.995200000e+00	100
2.996000000e+00	100
2.996800000e+00	100
2.997600000e+00	100
2.998400000e+00	100
2.999200000e+00	100
3.000000000e+00	100
3.000800000e+00	100
3.001600000e+00	100
3.002400000e+00	99
3.003200000e+00	100
3.004000000e+00	100
3.004800000e+00	100
3.005600000e+00	100
3.006400000e+00	100
3.007200000e+00	100
3.008000000e+00	100
3.008800000e+00	100
3.009600000e+00	100
3.010400000e+00	100
3.011200000e+00	100
3.012000000e+00	100
3.012800000e+00	100
3.013600000e+00	100
3.014400000e+00	100
3.015200000e+00	100
3.016000000e+00	100
3.016800000e+00	100
3.017600000e+00	100
3.018400000e+00	100
3.019200000e+00	100
3.020000000e+00	100
3.020800000e+00	100
3.021600000e+00	100
3.022400000e+00	100
3.023200000e+00	100
3.024000000e+00	100
3.024800000e+00	100
3.025600000e+00	100
3.026400000e+00	100
3.027200000e+00	100
3.028000000e+00	100
3.028800000e+00	100
3.029600000e+00	100
3.030400000e+00	100
3.031200000e+00	100
3.032000000e+00	100
3.032800000e+00	99
3.033600000e+00	100
3.034400000e+00	100
3.035200000e+00	100
3.036000000e+00	100
3.036800000e+00	100
3.037600000e+00	100
3.038400000e+00	100
3.039200000e+00	100
3.040000000e+00	100
3.040800000e+00	99
3.041600000e+00	100
3.042400000e+00	100
3.043200000e+00	100
3.044000000e+00	100
3.044800000e+00	100
3.045600000e+00	100
3.046400000e+00	100
3.047200000e+00	100
3.048000000e+00	100
3.048800000e+00	99
3.049600000e+00	100
3.050400000e+00	100
3.051200000e+00	100
3.052000000e+00	100
3.052800000e+00	4
3.053600000e+00	81
3.054400000e+00	100
3.055200000e+00	100
3.056000000e+00	100
3.056800000e+00	100
3.057600000e+00	100
3.058400000e+00	100
3.059200000e+00	100
3.060000000e+00	100
3.060800000e+00	98
3.061600000e+00	100
3.062400000e+00	100
3.063200000e+00	100
3.064000000e+00	100
3.064800000e+00	100
3.065600000e+00	100
3.066400000e+00	100
3.067200000e+00	100
3.068000000e+00	100
3.068800000e+00	100
3.069600000e+00	100
3.070400000e+00	100
3.071200000e+00	100
3.072000000e+00	100
3.072800000e+00	99
3.073600000e+00	100
3.074400000e+00	100
3.075200000e+00	100
3.076000000e+00	100
3.076800000e+00	100
3.077600000e+00	98
3.078400000e+00	100
3.079200000e+00	100
3.080000000e+00	100
3.080800000e+00	100
3.081600000e+00	100
3.082400000e+00	100
3.083200000e+00	100
3.084000000e+00	100
3.084800000e+00	99
3.085600000e+00	100
3.086400000e+00	100
3.087200000e+00	100
3.088000000e+00	100
3.088800000e+00	100
3.089600000e+00	100
3.090400000e+00	100
3.091200000e+00	100
3.092000000e+00	100
3.092800000e+00	100
3.093600000e+00	100
3.094400000e+00	100
3.095200000e+00	99
3.096000000e+00	100
3.096800000e+00	100
3.097600000e+00	100
3.098400000e+00	100
3.099200000e+00	99
3.100000000e+00	100
3.100800000e+00	100
3.101600000e+00	100
3.102400000e+00	100
3.103200000e+00	100
3.104000000e+00	100
3.104800000e+00	100
3.105600000e+00	100
3.106400000e+00	100
3.107200000e+00	100
3.108000000e+00	100
3.108800000e+00	100
3.109600000e+00	100
3.110400000e+00	100
3.111200000e+00	100
3.112000000e+00	100
3.112800000e+00	98
3.113600000e+00	100
3.114400000e+00	100
3.115200000e+00	100
3.116000000e+00	100
3.116800000e+00	100
3.117600000e+00	100
3.118400000e+00	100
3.119200000e+00	100
3.120000000e+00	100
3.120800000e+00	100
3.121600000e+00	100
3.122400000e+00	100
3.123200000e+00	100
3.124000000e+00	100
3.124800000e+00	100
3.125600000e+00	100
3.126400000e+00	100
3.127200000e+00	100
3.128000000e+00	100
3.128800000e+00	100
3.129600000e+00	100
3.130400000e+00	100
3.131200000e+00	100
3.132000000e+00	100
3.132800000e+00	98
3.133600000e+00	100
3.134400000e+00	100
3.135200000e+00	100
3.136000000e+00	100
3.136800000e+00	100
3.137600000e+00	100
3.138400000e+00	100
3.139200000e+00	100
3.140000000e+00	100
3.140800000e+00	100
3.141600000e+00	100
3.142400000e+00	99
3.143200000e+00	100
3.144000000e+00	100
3.144800000e+00	100
3.145600000e+00	100
3.146400000e+00	100
3.147200000e+00	100
3.148000000e+00	100
3.148800000e+00	100
3.149600000e+00	100
3.150400000e+00	99
3.151200000e+00	100
3.152000000e+00	100
3.152800000e+00	99
3.153600000e+00	100
3.154400000e+00	100
3.155200000e+00	100
3.156000000e+00	100
3.156800000e+00	100
3.157600000e+00	2
3.158400000e+00	4
3.159200000e+00	95
3.160000000e+00	100
3.160800000e+00	100
3.161600000e+00	100
3.162400000e+00	100
3.163200000e+00	100
3.164000000e+00	100
3.164800000e+00	99
3.165600000e+00	100
3.166400000e+00	100
3.167200000e+00	100
3.168000000e+00	100
3.168800000e+00	100
3.169600000e+00	100
3.170400000e+00	99
3.171200000e+00	100
3.172000000e+00	100
3.172800000e+00	100
3.173600000e+00	100
3.174400000e+00	100
3.175200000e+00	100
3.176000000e+00	100
3.176800000e+00	100
3.177600000e+00	100
3.178400000e+00	100
3.179200000e+00	99
3.180000000e+00	100
3.180800000e+00	100
3.181600000e+00	100
3.182400000e+00	100
3.183200000e+00	100
3.184000000e+00	100
3.184800000e+00	100
3.185600000e+00	100
3.186400000e+00	100
3.187200000e+00	99
3.188000000e+00	100
3.188800000e+00	100
3.189600000e+00	100
3.190400000e+00	100
3.191200000e+00	100
3.192000000e+00	100
3.192800000e+00	100
3.193600000e+00	100
3.194400000e+00	100
3.195200000e+00	100
3.196000000e+00	98
3.196800000e+00	100
3.197600000e+00	100
3.198400000e+00	100
3.199200000e+00	100
3.200000000e+00	100
3.200800000e+00	99
3.201600000e+00	100
3.202400000e+00	100
3.203200000e+00	100
3.204000000e+00	100
3.204800000e+00	100
3.205600000e+00	100
3.206400000e+00	100
3.207200000e+00	97
3.208000000e+00	3
3.208800000e+00	100
3.209600000e+00	100
3.210400000e+00	100
3.211200000e+00	100
3.212000000e+00	100
3.212800000e+00	100
3.213600000e+00	99
3.214400000e+00	100
3.215200000e+00	100
3.216000000e+00	100
3.216800000e+00	100
3.217600000e+00	100
3.218400000e+00	100
3.219200000e+00	100
3.220000000e+00	100
3.220800000e+00	100
3.221600000e+00	100
3.222400000e+00	100
3.223200000e+00	100
3.224000000e+00	99
3.224800000e+00	100
3.225600000e+00	100
3.226400000e+00	100
3.227200000e+00	98
3.228000000e+00	100
3.228800000e+00	100
3.229600000e+00	100
3.230400000e+00	100
3.231200000e+00	100
3.232000000e+00	99
3.232800000e+00	100
3.233600000e+00	100
3.234400000e+00	100
3.235200000e+00	100
3.236000000e+00	100
3.236800000e+00	100
3.237600000e+00	100
3.238400000e+00	100
3.239200000e+00	100
3.240000000e+00	100
3.240800000e+00	100
3.241600000e+00	100
3.242400000e+00	100
3.243200000e+00	100
3.244000000e+00	100
3.244800000e+00	100
3.245600000e+00	99
3.246400000e+00	100
3.247200000e+00	100
3.248000000e+00	100
3.248800000e+00	100
3.249600000e+00	100
3.250400000e+00	100
3.251200000e+00	100
3.252000000e+00	100
3.252800000e+00	100
3.253600000e+00	100
3.254400000e+00	100
3.255200000e+00	99
3.256000000e+00	100
3.256800000e+00	100
3.257600000e+00	100
3.258400000e+00	100
3.259200000e+00	100
3.260000000e+00	100
3.260800000e+00	100
3.261600000e+00	100
3.262400000e+00	100
3.263200000e+00	98
3.264000000e+00	100
3.264800000e+00	100
3.265600000e+00	100
3.266400000e+00	100
3.267200000e+00	100
3.268000000e+00	100
3.268800000e+00	100
3.269600000e+00	100
3.270400000e+00	100
3.271200000e+00	100
3.272000000e+00	100
3.272800000e+00	100
3.273600000e+00	100
3.274400000e+00	100
3.275200000e+00	100
3.276000000e+00	4
3.276800000e+00	4
3.277600000e+00	4
3.278400000e+00	93
3.279200000e+00	100
3.280000000e+00	100
3.280800000e+00	98
3.281600000e+00	100
3.282400000e+00	100
3.283200000e+00	100
3.284000000e+00	100
3.284800000e+00	100
3.285600000e+00	99
3.286400000e+00	100
3.287200000e+00	100
3.288000000e+00	100
3.288800000e+00	100
3.289600000e+00	100
3.290400000e+00	100
3.291200000e+00	100
3.292000000e+00	100
3.292800000e+00	100
3.293600000e+00	100
3.294400000e+00	100
3.295200000e+00	100
3.296000000e+00	100
3.296800000e+00	100
3.297600000e+00	100
3.298400000e+00	100
3.299200000e+00	100
3.300000000e+00	100
3.300800000e+00	100
3.301600000e+00	100
3.302400000e+00	100
3.303200000e+00	100
3.304000000e+00	100
3.304800000e+00	100
3.305600000e+00	100
3.306400000e+00	100
3.307200000e+00	100
3.308000000e+00	100
3.308800000e+00	100
3.309600000e+00	100
3.310400000e+00	100
3.311200000e+00	100
3.312000000e+00	99
3.312800000e+00	100
3.313600000e+00	100
3.314400000e+00	99
3.315200000e+00	100
3.316000000e+00	100
3.316800000e+00	100
3.317600000e+00	100
3.318400000e+00	100
3.319200000e+00	100
3.320000000e+00	100
3.320800000e+00	100
3.321600000e+00	100
3.322400000e+00	100
3.323200000e+00	100
3.324000000e+00	100
3.324800000e+00	100
3.325600000e+00	100
3.326400000e+00	100
3.327200000e+00	100
3.328000000e+00	100
3.328800000e+00	99
3.329600000e+00	100
3.330400000e+00	100
3.331200000e+00	100
3.332000000e+00	99
3.332800000e+00	100
3.333600000e+00	100
3.334400000e+00	100
3.335200000e+00	100
3.336000000e+00	100
3.336800000e+00	100
3.337600000e+00	100
3.338400000e+00	100
3.339200000e+00	100
3.340000000e+00	100
3.340800000e+00	100
3.341600000e+00	100
3.342400000e+00	100
3.343200000e+00	100
3.344000000e+00	100
3.344800000e+00	100
3.345600000e+00	100
3.346400000e+00	100
3.347200000e+00	100
3.348000000e+00	100
3.348800000e+00	100
3.349600000e+00	100
3.350400000e+00	98
3.351200000e+00	100
3.352000000e+00	100
3.352800000e+00	100
3.353600000e+00	100
3.354400000e+00	100
3.355200000e+00	99
3.356000000e+00	100
3.356800000e+00	100
3.357600000e+00	100
3.358400000e+00	100
3.359200000e+00	100
3.360000000e+00	100
3.360800000e+00	100
3.361600000e+00	100
3.362400000e+00	100
3.363200000e+00	100
3.364000000e+00	100
3.364800000e+00	100
3.365600000e+00	100
3.366400000e+00	100
3.367200000e+00	100
3.368000000e+00	100
3.368800000e+00	100
3.369600000e+00	100
3.370400000e+00	100
3.371200000e+00	100
3.372000000e+00	100
3.372800000e+00	100
3.373600000e+00	100
3.374400000e+00	100
3.375200000e+00	100
3.376000000e+00	100
3.376800000e+00	100
3.377600000e+00	100
3.378400000e+00	100
3.379200000e+00	100
3.380000000e+00	100
3.380800000e+00	6
3.381600000e+00	100
3.382400000e+00	100
3.383200000e+00	100
3.384000000e+00	100
3.384800000e+00	99
3.385600000e+00	100
3.386400000e+00	100
3.387200000e+00	99
3.388000000e+00	100
3.388800000e+00	100
3.389600000e+00	100
3.390400000e+00	100
3.391200000e+00	99
3.392000000e+00	99
3.392800000e+00	100
3.393600000e+00	100
3.394400000e+00	100
3.395200000e+00	100
3.396000000e+00	100
3.396800000e+00	99
3.397600000e+00	100
3.398400000e+00	100
3.399200000e+00	100
3.400000000e+00	100
3.400800000e+00	100
3.401600000e+00	100
3.402400000e+00	100
3.403200000e+00	99
3.404000000e+00	100
3.404800000e+00	100
3.405600000e+00	100
3.406400000e+00	100
3.407200000e+00	100
3.408000000e+00	100
3.408800000e+00	100
3.409600000e+00	100
3.410400000e+00	100
3.411200000e+00	100
3.412000000e+00	100
3.412800000e+00	100
3.413600000e+00	100
3.414400000e+00	100
3.415200000e+00	100
3.416000000e+00	100
3.416800000e+00	100
3.417600000e+00	100
3.418400000e+00	100
3.419200000e+00	100
3.420000000e+00	100
3.420800000e+00	100
3.421600000e+00	100
3.422400000e+00	100
3.423200000e+00	100
3.424000000e+00	100
3.424800000e+00	100
3.425600000e+00	100
3.426400000e+00	100
3.427200000e+00	100
3.428000000e+00	100
3.428800000e+00	100
3.429600000e+00	100
3.430400000e+00	99
3.431200000e+00	100
3.432000000e+00	100
3.432800000e+00	100
3.433600000e+00	100
3.434400000e+00	100
3.435200000e+00	100
3.436000000e+00	100
3.436800000e+00	100
3.437600000e+00	99
3.438400000e+00	100
3.439200000e+00	100
3.440000000e+00	100
3.440800000e+00	100
3.441600000e+00	100
3.442400000e+00	100
3.443200000e+00	100
3.444000000e+00	100
3.444800000e+00	100
3.445600000e+00	100
3.446400000e+00	98
3.447200000e+00	99
3.448000000e+00	100
3.448800000e+00	99
3.449600000e+00	100
3.450400000e+00	100
3.451200000e+00	100
3.452000000e+00	100
3.452800000e+00	100
3.453600000e+00	100
3.454400000e+00	100
3.455200000e+00	100
3.456000000e+00	100
3.456800000e+00	100
3.457600000e+00	100
3.458400000e+00	100
3.459200000e+00	100
3.460000000e+00	100
3.460800000e+00	100
3.461600000e+00	100
3.462400000e+00	100
3.463200000e+00	100
3.464000000e+00	100
3.464800000e+00	100
3.465600000e+00	100
3.466400000e+00	100
3.467200000e+00	96
3.468000000e+00	100
3.468800000e+00	100
3.469600000e+00	100
3.470400000e+00	99
3.471200000e+00	100
3.472000000e+00	100
3.472800000e+00	100
3.473600000e+00	100
3.474400000e+00	100
3.475200000e+00	100
3.476000000e+00	100
3.476800000e+00	100
3.477600000e+00	100
3.478400000e+00	100
3.479200000e+00	100
3.480000000e+00	93
3.480800000e+00	100
3.481600000e+00	100
3.482400000e+00	100
3.483200000e+00	100
3.484000000e+00	99
3.484800000e+00	100
3.485600000e+00	2
3.486400000e+00	2
3.487200000e+00	2
3.488000000e+00	2
3.488800000e+00	2
3.489600000e+00	2
3.490400000e+00	2
3.491200000e+00	2
3.492000000e+00	2
3.492800000e+00	2
3.493600000e+00	2
3.494400000e+00	2
3.495200000e+00	2
3.496000000e+00	2
3.496800000e+00	2
3.497600000e+00	2
3.498400000e+00	2
3.499200000e+00	2
3.500000000e+00	2
3.500800000e+00	2
3.501600000e+00	2
3.502400000e+00	2
3.503200000e+00	2
3.504000000e+00	2
3.504800000e+00	2
3.505600000e+00	2
3.506400000e+00	2
3.507200000e+00	2
3.508000000e+00	2
3.508800000e+00	2
3.509600000e+00	2
3.510400000e+00	2
3.511200000e+00	2
3.512000000e+00	2
3.512800000e+00	2
3.513600000e+00	2
3.514400000e+00	2
3.515200000e+00	2
3.516000000e+00	2
3.516800000e+00	2
3.517600000e+00	2
3.518400000e+00	2
3.519200000e+00	2
3.520000000e+00	2
3.520800000e+00	2
3.521600000e+00	2
3.522400000e+00	2
3.523200000e+00	2
3.524000000e+00	2
3.524800000e+00	2
3.525600000e+00	2
3.526400000e+00	2
3.527200000e+00	2
3.528000000e+00	2
3.528800000e+00	2
3.529600000e+00	2
3.530400000e+00	2
3.531200000e+00	2
3.532000000e+00	2
3.532800000e+00	2
3.533600000e+00	2
3.534400000e+00	2
3.535200000e+00	2
3.536000000e+00	2
3.536800000e+00	2
3.537600000e+00	2
3.538400000e+00	2
3.539200000e+00	2
3.540000000e+00	2
3.540800000e+00	2
3.541600000e+00	2
3.542400000e+00	2
3.543200000e+00	2
3.544000000e+00	2
3.544800000e+00	2
3.545600000e+00	2
3.546400000e+00	2
3.547200000e+00	2
3.548000000e+00	2
3.548800000e+00	2
3.549600000e+00	2
3.550400000e+00	2
3.551200000e+00	2
3.552000000e+00	2
3.552800000e+00	2
3.553600000e+00	2
3.554400000e+00	2
3.555200000e+00	2
3.556000000e+00	2
3.556800000e+00	2
3.557600000e+00	2
3.558400000e+00	2
3.559200000e+00	2
3.560000000e+00	2
3.560800000e+00	2
3.561600000e+00	2
3.562400000e+00	2
3.563200000e+00	2
3.564000000e+00	2
3.564800000e+00	2
3.565600000e+00	2
3.566400000e+00	2
3.567200000e+00	2
3.568000000e+00	2
3.568800000e+00	2
3.569600000e+00	2
3.570400000e+00	2
3.571200000e+00	2
3.572000000e+00	4
3.572800000e+00	4
3.573600000e+00	4
3.574400000e+00	4
3.575200000e+00	4
3.576000000e+00	4
3.576800000e+00	4
3.577600000e+00	4
3.578400000e+00	8
3.579200000e+00	8
3.580000000e+00	96
3.580800000e+00	96
3.581600000e+00	90
3.582400000e+00	84
3.583200000e+00	81
3.584000000e+00	6
3.584800000e+00	98
3.585600000e+00	19
3.586400000e+00	87
3.587200000e+00	97
3.588000000e+00	99
3.588800000e+00	100
3.589600000e+00	88
3.590400000e+00	98
3.591200000e+00	100
3.592000000e+00	100
3.592800000e+00	100
3.593600000e+00	98
3.594400000e+00	99
3.595200000e+00	99
3.596000000e+00	99
3.596800000e+00	99
3.597600000e+00	99
3.598400000e+00	100
3.599200000e+00	100
3.600000000e+00	6
3.600800000e+00	6
3.601600000e+00	97
3.602400000e+00	100
3.603200000e+00	94
3.604000000e+00	100
3.604800000e+00	100
3.605600000e+00	99
3.606400000e+00	96
3.607200000e+00	96
3.608000000e+00	97
3.608800000e+00	100
3.609600000e+00	97
3.610400000e+00	97
3.611200000e+00	92
3.612000000e+00	97
3.612800000e+00	99
3.613600000e+00	99
3.614400000e+00	96
3.615200000e+00	100
3.616000000e+00	100
3.616800000e+00	100
3.617600000e+00	98
3.618400000e+00	100
3.619200000e+00	100
3.620000000e+00	100
3.620800000e+00	100
3.621600000e+00	99
3.622400000e+00	100
3.623200000e+00	100
3.624000000e+00	100
3.624800000e+00	100
3.625600000e+00	99
3.626400000e+00	100
3.627200000e+00	100
3.628000000e+00	100
3.628800000e+00	100
3.629600000e+00	99
3.630400000e+00	100
3.631200000e+00	100
3.632000000e+00	100
3.632800000e+00	100
3.633600000e+00	98
3.634400000e+00	98
3.635200000e+00	100
3.636000000e+00	100
3.636800000e+00	100
3.637600000e+00	100
3.638400000e+00	100
3.639200000e+00	100
3.640000000e+00	100
3.640800000e+00	100
3.641600000e+00	100
3.642400000e+00	99
3.643200000e+00	100
3.644000000e+00	100
3.644800000e+00	99
3.645600000e+00	100
3.646400000e+00	100
3.647200000e+00	100
3.648000000e+00	100
3.648800000e+00	100
3.649600000e+00	100
3.650400000e+00	100
3.651200000e+00	100
3.652000000e+00	100
3.652800000e+00	3
3.653600000e+00	99
3.654400000e+00	100
3.655200000e+00	100
3.656000000e+00	99
3.656800000e+00	100
3.657600000e+00	100
3.658400000e+00	100
3.659200000e+00	100
3.660000000e+00	100
3.660800000e+00	100
3.661600000e+00	100
3.662400000e+00	100
3.663200000e+00	99
3.664000000e+00	100
3.664800000e+00	100
3.665600000e+00	100
3.666400000e+00	100
3.667200000e+00	99
3.668000000e+00	100
3.668800000e+00	100
3.669600000e+00	100
3.670400000e+00	100
3.671200000e+00	100
3.672000000e+00	100
3.672800000e+00	100
3.673600000e+00	100
3.674400000e+00	100
3.675200000e+00	98
3.676000000e+00	98
3.676800000e+00	100
3.677600000e+00	99
3.678400000e+00	100
3.679200000e+00	100
3.680000000e+00	100
3.680800000e+00	100
3.681600000e+00	100
3.682400000e+00	100
3.683200000e+00	100
3.684000000e+00	100
3.684800000e+00	100
3.685600000e+00	100
3.686400000e+00	100
3.687200000e+00	100
3.688000000e+00	99
3.688800000e+00	100
3.689600000e+00	100
3.690400000e+00	100
3.691200000e+00	100
3.692000000e+00	100
3.692800000e+00	100
3.693600000e+00	100
3.694400000e+00	100
3.695200000e+00	100
3.696000000e+00	100
3.696800000e+00	100
3.697600000e+00	99
3.698400000e+00	100
3.699200000e+00	100
3.700000000e+00	100
3.700800000e+00	100
3.701600000e+00	100
3.702400000e+00	100
3.703200000e+00	100
3.704000000e+00	100
3.704800000e+00	100
3.705600000e+00	100
3.706400000e+00	100
3.707200000e+00	100
3.708000000e+00	100
3.708800000e+00	100
3.709600000e+00	99
3.710400000e+00	100
3.711200000e+00	100
3.712000000e+00	100
3.712800000e+00	100
3.713600000e+00	99
3.714400000e+00	100
3.715200000e+00	100
3.716000000e+00	99
3.716800000e+00	100
3.717600000e+00	100
3.718400000e+00	100
3.719200000e+00	100
3.720000000e+00	100
3.720800000e+00	100
3.721600000e+00	100
3.722400000e+00	100
3.723200000e+00	100
3.724000000e+00	100
3.724800000e+00	100
3.725600000e+00	100
3.726400000e+00	100
3.727200000e+00	100
3.728000000e+00	100
3.728800000e+00	99
3.729600000e+00	100
3.730400000e+00	99
3.731200000e+00	100
3.732000000e+00	100
3.732800000e+00	97
3.733600000e+00	100
3.734400000e+00	100
3.735200000e+00	100
3.736000000e+00	100
3.736800000e+00	100
3.737600000e+00	100
3.738400000e+00	100
3.739200000e+00	100
3.740000000e+00	100
3.740800000e+00	100
3.741600000e+00	100
3.742400000e+00	100
3.743200000e+00	100
3.744000000e+00	100
3.744800000e+00	100
3.745600000e+00	100
3.746400000e+00	100
3.747200000e+00	100
3.748000000e+00	100
3.748800000e+00	100
3.749600000e+00	100
3.750400000e+00	100
3.751200000e+00	100
3.752000000e+00	99
3.752800000e+00	100
3.753600000e+00	100
3.754400000e+00	3
3.755200000e+00	100
3.756000000e+00	100
3.756800000e+00	100
3.757600000e+00	99
3.758400000e+00	100
3.759200000e+00	100
3.760000000e+00	100
3.760800000e+00	100
3.761600000e+00	100
3.762400000e+00	100
3.763200000e+00	100
3.764000000e+00	100
3.764800000e+00	98
3.765600000e+00	100
3.766400000e+00	100
3.767200000e+00	100
3.768000000e+00	100
3.768800000e+00	100
3.769600000e+00	4
3.770400000e+00	34
3.771200000e+00	100
3.772000000e+00	100
3.772800000e+00	100
3.773600000e+00	100
3.774400000e+00	100
3.775200000e+00	100
3.776000000e+00	99
3.776800000e+00	100
3.777600000e+00	99
3.778400000e+00	100
3.779200000e+00	100
3.780000000e+00	100
3.780800000e+00	100
3.781600000e+00	100
3.782400000e+00	100
3.783200000e+00	100
3.784000000e+00	100
3.784800000e+00	100
3.785600000e+00	100
3.786400000e+00	98
3.787200000e+00	100
3.788000000e+00	100
3.788800000e+00	100
3.789600000e+00	100
3.790400000e+00	100
3.791200000e+00	98
3.792000000e+00	100
3.792800000e+00	100
3.793600000e+00	98
3.794400000e+00	99
3.795200000e+00	100
3.796000000e+00	100
3.796800000e+00	100
3.797600000e+00	100
3.798400000e+00	100
3.799200000e+00	100
3.800000000e+00	100
3.800800000e+00	100
3.801600000e+00	100
3.802400000e+00	100
3.803200000e+00	100
3.804000000e+00	100
3.804800000e+00	100
3.805600000e+00	100
3.806400000e+00	100
3.807200000e+00	100
3.808000000e+00	100
3.808800000e+00	100
3.809600000e+00	100
3.810400000e+00	100
3.811200000e+00	100
3.812000000e+00	100
3.812800000e+00	99
3.813600000e+00	100
3.814400000e+00	100
3.815200000e+00	100
3.816000000e+00	100
3.816800000e+00	100
3.817600000e+00	100
3.818400000e+00	100
3.819200000e+00	100
3.820000000e+00	100
3.820800000e+00	100
3.821600000e+00	99
3.822400000e+00	100
3.823200000e+00	100
3.824000000e+00	100
3.824800000e+00	100
3.825600000e+00	100
3.826400000e+00	100
3.827200000e+00	100
3.828000000e+00	100
3.828800000e+00	100
3.829600000e+00	100
3.830400000e+00	100
3.831200000e+00	100
3.832000000e+00	99
3.832800000e+00	100
3.833600000e+00	100
3.834400000e+00	100
3.835200000e+00	99
3.836000000e+00	100
3.836800000e+00	100
3.837600000e+00	100
3.838400000e+00	100
3.839200000e+00	100
3.840000000e+00	100
3.840800000e+00	99
3.841600000e+00	99
3.842400000e+00	100
3.843200000e+00	100
3.844000000e+00	100
3.844800000e+00	100
3.845600000e+00	100
3.846400000e+00	100
3.847200000e+00	100
3.848000000e+00	100
3.848800000e+00	100
3.849600000e+00	99
3.850400000e+00	100
3.851200000e+00	100
3.852000000e+00	100
3.852800000e+00	100
3.853600000e+00	100
3.854400000e+00	100
3.855200000e+00	100
3.856000000e+00	100
3.856800000e+00	100
3.857600000e+00	100
3.858400000e+00	100
3.859200000e+00	100
3.860000000e+00	100
3.860800000e+00	100
3.861600000e+00	100
3.862400000e+00	100
3.863200000e+00	100
3.864000000e+00	100
3.864800000e+00	100
3.865600000e+00	100
3.866400000e+00	100
3.867200000e+00	100
3.868000000e+00	100
3.868800000e+00	100
3.869600000e+00	100
3.870400000e+00	100
3.871200000e+00	100
3.872000000e+00	100
3.872800000e+00	100
3.873600000e+00	2
3.874400000e+00	99
3.875200000e+00	98
3.876000000e+00	100
3.876800000e+00	100
3.877600000e+00	100
3.878400000e+00	100
3.879200000e+00	100
3.880000000e+00	100
3.880800000e+00	100
3.881600000e+00	100
3.882400000e+00	100
3.883200000e+00	100
3.884000000e+00	100
3.884800000e+00	100
3.885600000e+00	100
3.886400000e+00	100
3.887200000e+00	100
3.888000000e+00	100
3.888800000e+00	100
3.889600000e+00	100
3.890400000e+00	100
3.891200000e+00	100
3.892000000e+00	100
3.892800000e+00	100
3.893600000e+00	100
3.894400000e+00	99
3.895200000e+00	100
3.896000000e+00	99
3.896800000e+00	100
3.897600000e+00	100
3.898400000e+00	100
3.899200000e+00	99
3.900000000e+00	100
3.900800000e+00	100
3.901600000e+00	100
3.902400000e+00	100
3.903200000e+00	100
3.904000000e+00	99
3.904800000e+00	100
3.905600000e+00	100
3.906400000e+00	99
3.907200000e+00	100
3.908000000e+00	100
3.908800000e+00	100
3.909600000e+00	100
3.910400000e+00	100
3.911200000e+00	99
3.912000000e+00	100
3.912800000e+00	100
3.913600000e+00	100
3.914400000e+00	100
3.915200000e+00	100
3.916000000e+00	100
3.916800000e+00	100
3.917600000e+00	100
3.918400000e+00	100
3.919200000e+00	100
3.920000000e+00	100
3.920800000e+00	100
3.921600000e+00	100
3.922400000e+00	100
3.923200000e+00	100
3.924000000e+00	100
3.924800000e+00	100
3.925600000e+00	98
3.926400000e+00	100
3.927200000e+00	100
3.928000000e+00	100
3.928800000e+00	100
3.929600000e+00	100
3.930400000e+00	99
3.931200000e+00	100
3.932000000e+00	100
3.932800000e+00	100
3.933600000e+00	100
3.934400000e+00	100
3.935200000e+00	100
3.936000000e+00	100
3.936800000e+00	100
3.937600000e+00	100
3.938400000e+00	100
3.939200000e+00	100
3.940000000e+00	100
3.940800000e+00	100
3.941600000e+00	100
3.942400000e+00	100
3.943200000e+00	99
3.944000000e+00	100
3.944800000e+00	100
3.945600000e+00	100
3.946400000e+00	100
3.947200000e+00	100
3.948000000e+00	98
3.948800000e+00	100
3.949600000e+00	100
3.950400000e+00	100
3.951200000e+00	100
3.952000000e+00	98
3.952800000e+00	100
3.953600000e+00	100
3.954400000e+00	100
3.955200000e+00	100
3.956000000e+00	100
3.956800000e+00	100
3.957600000e+00	100
3.958400000e+00	100
3.959200000e+00	100
3.960000000e+00	4
3.960800000e+00	100
3.961600000e+00	100
3.962400000e+00	100
3.963200000e+00	100
3.964000000e+00	100
3.964800000e+00	100
3.965600000e+00	100
3.966400000e+00	100
3.967200000e+00	100
3.968000000e+00	100
3.968800000e+00	100
3.969600000e+00	99
3.970400000e+00	100
3.971200000e+00	100
3.972000000e+00	100
3.972800000e+00	100
3.973600000e+00	100
3.974400000e+00	100
3.975200000e+00	100
3.976000000e+00	100
3.976800000e+00	100
3.977600000e+00	100
3.978400000e+00	100
3.979200000e+00	100
3.980000000e+00	100
3.980800000e+00	100
3.981600000e+00	100
3.982400000e+00	100
3.983200000e+00	99
3.984000000e+00	100
3.984800000e+00	100
3.985600000e+00	100
3.986400000e+00	100
3.987200000e+00	100
3.988000000e+00	100
3.988800000e+00	100
3.989600000e+00	100
3.990400000e+00	100
3.991200000e+00	100
3.992000000e+00	100
3.992800000e+00	100
3.993600000e+00	100
3.994400000e+00	98
3.995200000e+00	100
3.996000000e+00	100
3.996800000e+00	100
3.997600000e+00	99
3.998400000e+00	100
3.999200000e+00	100
